,crop_name,crop_num,high,low,market_name,market_num,mean,medium,volume,year,month,day,dayofweek
0,葡萄柚-紅肉,H4,13.1,6.0,三重區,241,8.8,8.4,1127.0,2012,1,1,6
1,葡萄柚-紅肉,H4,15.0,9.7,三重區,241,13.4,14.1,3189.0,2012,1,3,1
2,葡萄柚-紅肉,H4,14.2,10.1,三重區,241,13.3,14.0,1243.0,2012,1,4,2
3,葡萄柚-紅肉,H4,13.9,8.3,三重區,241,11.6,12.0,1356.0,2012,1,5,3
4,葡萄柚-紅肉,H4,14.0,8.6,三重區,241,11.8,12.2,1438.0,2012,1,6,4
5,葡萄柚-紅肉,H4,15.5,10.1,三重區,241,12.9,12.9,3720.0,2012,1,7,5
6,葡萄柚-紅肉,H4,18.0,9.2,三重區,241,14.5,15.2,1549.0,2012,1,8,6
7,葡萄柚-紅肉,H4,15.0,7.6,三重區,241,13.1,14.2,2661.0,2012,1,10,1
8,葡萄柚-紅肉,H4,15.7,7.9,三重區,241,13.6,14.8,2093.0,2012,1,11,2
9,葡萄柚-紅肉,H4,15.0,10.6,三重區,241,12.4,12.2,866.0,2012,1,12,3
10,葡萄柚-紅肉,H4,17.0,4.5,三重區,241,9.1,8.1,1227.0,2012,1,13,4
11,葡萄柚-紅肉,H4,12.9,7.3,三重區,241,11.2,11.9,1331.0,2012,1,14,5
12,葡萄柚-紅肉,H4,15.0,12.4,三重區,241,14.5,15.0,3248.0,2012,1,15,6
13,葡萄柚-紅肉,H4,18.9,9.8,三重區,241,14.7,15.0,1595.0,2012,1,17,1
14,葡萄柚-紅肉,H4,18.0,12.5,三重區,241,15.9,16.3,1095.0,2012,1,18,2
15,葡萄柚-紅肉,H4,18.0,18.0,三重區,241,18.0,18.0,954.0,2012,1,19,3
16,葡萄柚-紅肉,H4,14.5,12.0,三重區,241,12.5,12.0,730.0,2012,1,20,4
17,葡萄柚-紅肉,H4,18.0,5.4,三重區,241,15.1,17.3,740.0,2012,1,21,5
18,葡萄柚-紅肉,H4,15.0,11.8,三重區,241,12.9,12.5,5612.0,2012,1,28,5
19,葡萄柚-紅肉,H4,15.0,12.0,三重區,241,13.5,13.4,3192.0,2012,1,29,6
20,葡萄柚-紅肉,H4,16.0,12.0,三重區,241,12.8,12.0,1398.0,2012,1,30,0
21,葡萄柚-紅肉,H4,17.9,9.1,三重區,241,13.2,13.1,1798.0,2012,2,1,2
22,葡萄柚-紅肉,H4,18.0,15.0,三重區,241,16.1,15.8,174.0,2012,2,2,3
23,葡萄柚-紅肉,H4,14.0,7.8,三重區,241,12.5,13.6,1684.0,2012,2,3,4
24,葡萄柚-紅肉,H4,17.4,12.0,三重區,241,14.2,13.9,2224.0,2012,2,4,5
25,葡萄柚-紅肉,H4,14.9,9.6,三重區,241,12.6,12.8,3162.0,2012,2,5,6
26,葡萄柚-紅肉,H4,14.9,10.0,三重區,241,12.3,12.2,932.0,2012,2,6,0
27,葡萄柚-紅肉,H4,15.0,12.0,三重區,241,13.2,13.0,2580.0,2012,2,9,3
28,葡萄柚-紅肉,H4,15.1,10.0,三重區,241,12.2,12.0,4036.0,2012,2,10,4
29,葡萄柚-紅肉,H4,12.0,10.4,三重區,241,11.7,12.0,2152.0,2012,2,11,5
30,葡萄柚-紅肉,H4,16.0,7.3,三重區,241,13.4,14.6,3600.0,2012,2,12,6
31,葡萄柚-紅肉,H4,14.2,8.5,三重區,241,12.3,12.9,3265.0,2012,2,14,1
32,葡萄柚-紅肉,H4,15.0,5.3,三重區,241,11.3,12.1,2063.0,2012,2,15,2
33,葡萄柚-紅肉,H4,14.3,7.5,三重區,241,11.6,12.1,2381.0,2012,2,16,3
34,葡萄柚-紅肉,H4,15.0,6.4,三重區,241,12.9,14.4,2038.0,2012,2,17,4
35,葡萄柚-紅肉,H4,15.0,12.1,三重區,241,14.1,14.4,2064.0,2012,2,18,5
36,葡萄柚-紅肉,H4,14.7,11.8,三重區,241,12.6,12.1,1480.0,2012,2,19,6
37,葡萄柚-紅肉,H4,15.2,12.0,三重區,241,13.0,12.6,5563.0,2012,2,21,1
38,葡萄柚-紅肉,H4,15.6,8.9,三重區,241,12.1,12.0,3634.0,2012,2,22,2
39,葡萄柚-紅肉,H4,15.2,9.6,三重區,241,12.0,11.8,4983.0,2012,2,23,3
40,葡萄柚-紅肉,H4,14.1,11.3,三重區,241,12.8,12.9,3348.0,2012,2,24,4
41,葡萄柚-紅肉,H4,15.0,12.0,三重區,241,13.1,12.8,1832.0,2012,2,25,5
42,葡萄柚-紅肉,H4,13.0,13.0,三重區,241,13.0,13.0,384.0,2012,2,26,6
43,葡萄柚-紅肉,H4,15.0,13.7,三重區,241,14.5,14.6,2068.0,2012,2,28,1
44,葡萄柚-紅肉,H4,13.4,10.0,三重區,241,11.0,10.6,1718.0,2012,2,29,2
45,葡萄柚-紅肉,H4,14.0,10.0,三重區,241,11.0,10.4,1532.0,2012,3,1,3
46,葡萄柚-紅肉,H4,12.5,12.0,三重區,241,12.1,12.0,3220.0,2012,3,2,4
47,葡萄柚-紅肉,H4,14.3,10.0,三重區,241,12.1,12.0,4009.0,2012,3,3,5
48,葡萄柚-紅肉,H4,15.7,9.7,三重區,241,12.6,12.6,4503.0,2012,3,4,6
49,葡萄柚-紅肉,H4,16.9,10.9,三重區,241,14.3,14.6,8074.0,2012,3,6,1
50,葡萄柚-紅肉,H4,16.8,11.0,三重區,241,13.0,12.4,2551.0,2012,3,7,2
51,葡萄柚-紅肉,H4,15.5,10.0,三重區,241,13.2,13.5,3037.0,2012,3,8,3
52,葡萄柚-紅肉,H4,12.0,12.0,三重區,241,12.0,12.0,1414.0,2012,3,9,4
53,葡萄柚-紅肉,H4,22.0,14.0,三重區,241,16.3,15.2,453.0,2012,3,10,5
54,葡萄柚-紅肉,H4,18.5,10.0,三重區,241,14.2,14.2,1141.0,2012,3,11,6
55,葡萄柚-紅肉,H4,14.7,12.0,三重區,241,12.9,12.5,4158.0,2012,3,13,1
56,葡萄柚-紅肉,H4,14.9,12.0,三重區,241,13.2,13.1,3718.0,2012,3,14,2
57,葡萄柚-紅肉,H4,14.8,11.4,三重區,241,12.4,12.0,1792.0,2012,3,15,3
58,葡萄柚-紅肉,H4,14.7,10.0,三重區,241,11.6,11.1,2549.0,2012,3,16,4
59,葡萄柚-紅肉,H4,14.7,10.0,三重區,241,13.1,13.5,4718.0,2012,3,17,5
60,葡萄柚-紅肉,H4,18.4,10.0,三重區,241,13.9,13.8,1394.0,2012,3,18,6
61,葡萄柚-紅肉,H4,15.4,13.0,三重區,241,14.4,14.6,8125.0,2012,3,20,1
62,葡萄柚-紅肉,H4,17.6,10.5,三重區,241,14.0,14.0,6045.0,2012,3,21,2
63,葡萄柚-紅肉,H4,15.0,10.0,三重區,241,13.4,13.9,3598.0,2012,3,22,3
64,葡萄柚-紅肉,H4,12.0,12.0,三重區,241,12.0,12.0,918.0,2012,3,23,4
65,葡萄柚-紅肉,H4,15.0,13.0,三重區,241,14.0,14.1,3579.0,2012,3,24,5
66,葡萄柚-紅肉,H4,18.0,10.0,三重區,241,14.0,14.0,1637.0,2012,3,25,6
67,葡萄柚-紅肉,H4,17.6,12.4,三重區,241,14.2,13.7,5175.0,2012,3,27,1
68,葡萄柚-紅肉,H4,15.4,11.7,三重區,241,13.8,14.0,4678.0,2012,3,28,2
69,葡萄柚-紅肉,H4,15.0,12.0,三重區,241,13.3,13.1,6981.0,2012,3,29,3
70,葡萄柚-紅肉,H4,16.2,12.0,三重區,241,13.4,12.9,5024.0,2012,3,30,4
71,葡萄柚-紅肉,H4,14.4,10.9,三重區,241,12.7,12.7,4392.0,2012,3,31,5
72,葡萄柚-紅肉,H4,17.2,11.9,三重區,241,13.5,12.8,2660.0,2012,4,1,6
73,葡萄柚-紅肉,H4,19.7,12.7,三重區,241,14.4,13.2,2786.0,2012,4,2,0
74,葡萄柚-紅肉,H4,17.6,12.4,三重區,241,15.2,15.4,6508.0,2012,4,3,1
75,葡萄柚-紅肉,H4,17.4,12.3,三重區,241,14.2,13.9,6407.0,2012,4,6,4
76,葡萄柚-紅肉,H4,16.6,13.3,三重區,241,14.9,14.9,6699.0,2012,4,7,5
77,葡萄柚-紅肉,H4,14.9,12.0,三重區,241,12.6,12.0,2510.0,2012,4,8,6
78,葡萄柚-紅肉,H4,15.1,12.0,三重區,241,13.6,13.6,7614.0,2012,4,10,1
79,葡萄柚-紅肉,H4,15.0,12.0,三重區,241,13.5,13.4,4537.0,2012,4,11,2
80,葡萄柚-紅肉,H4,15.0,12.0,三重區,241,13.8,14.0,7121.0,2012,4,12,3
81,葡萄柚-紅肉,H4,15.0,11.3,三重區,241,12.9,12.6,3910.0,2012,4,13,4
82,葡萄柚-紅肉,H4,19.3,12.0,三重區,241,14.3,13.4,1517.0,2012,4,14,5
83,葡萄柚-紅肉,H4,16.7,12.0,三重區,241,13.3,12.7,2990.0,2012,4,15,6
84,葡萄柚-紅肉,H4,15.3,12.4,三重區,241,13.3,13.0,6859.0,2012,4,17,1
85,葡萄柚-紅肉,H4,15.2,12.0,三重區,241,13.0,12.6,1624.0,2012,4,18,2
86,葡萄柚-紅肉,H4,15.8,12.0,三重區,241,12.9,12.2,2533.0,2012,4,19,3
87,葡萄柚-紅肉,H4,15.4,12.8,三重區,241,14.0,14.0,5079.0,2012,4,20,4
88,葡萄柚-紅肉,H4,20.5,15.0,三重區,241,16.2,15.2,1312.0,2012,4,21,5
89,葡萄柚-紅肉,H4,15.9,12.0,三重區,241,14.2,14.3,2804.0,2012,4,22,6
90,葡萄柚-紅肉,H4,17.0,12.0,三重區,241,14.4,14.4,6458.0,2012,4,24,1
91,葡萄柚-紅肉,H4,15.2,12.0,三重區,241,13.2,12.9,2830.0,2012,4,25,2
92,葡萄柚-紅肉,H4,14.8,12.0,三重區,241,13.2,13.1,3175.0,2012,4,26,3
93,葡萄柚-紅肉,H4,13.6,12.0,三重區,241,12.3,12.0,1306.0,2012,4,27,4
94,葡萄柚-紅肉,H4,15.0,13.0,三重區,241,14.2,14.3,4759.0,2012,4,28,5
95,葡萄柚-紅肉,H4,15.0,13.0,三重區,241,14.4,14.6,1921.0,2012,4,29,6
96,葡萄柚-紅肉,H4,17.4,13.0,三重區,241,15.4,15.6,5764.0,2012,5,1,1
97,葡萄柚-紅肉,H4,16.3,12.0,三重區,241,13.9,13.7,3530.0,2012,5,2,2
98,葡萄柚-紅肉,H4,17.0,13.1,三重區,241,15.5,15.8,745.0,2012,5,3,3
99,葡萄柚-紅肉,H4,15.0,14.0,三重區,241,14.2,14.0,4180.0,2012,5,4,4
100,葡萄柚-紅肉,H4,25.0,13.0,三重區,241,17.1,15.9,2308.0,2012,5,5,5
101,葡萄柚-紅肉,H4,15.0,14.0,三重區,241,14.6,14.7,842.0,2012,5,6,6
102,葡萄柚-紅肉,H4,14.3,13.6,三重區,241,14.0,14.0,4510.0,2012,5,8,1
103,葡萄柚-紅肉,H4,15.0,13.0,三重區,241,14.2,14.4,1747.0,2012,5,9,2
104,葡萄柚-紅肉,H4,15.0,14.6,三重區,241,14.9,15.0,4055.0,2012,5,10,3
105,葡萄柚-紅肉,H4,15.0,15.0,三重區,241,15.0,15.0,220.0,2012,5,11,4
106,葡萄柚-紅肉,H4,13.0,13.0,三重區,241,13.0,13.0,1925.0,2012,5,12,5
107,葡萄柚-紅肉,H4,15.0,15.0,三重區,241,15.0,15.0,220.0,2012,5,13,6
108,葡萄柚-紅肉,H4,15.0,14.5,三重區,241,14.9,15.0,2170.0,2012,5,15,1
109,葡萄柚-紅肉,H4,15.0,15.0,三重區,241,15.0,15.0,220.0,2012,5,16,2
110,葡萄柚-紅肉,H4,15.0,9.5,三重區,241,12.3,12.3,460.0,2012,5,17,3
111,葡萄柚-紅肉,H4,15.0,15.0,三重區,241,15.0,15.0,246.0,2012,5,18,4
112,葡萄柚-紅肉,H4,16.0,14.0,三重區,241,15.3,15.4,352.0,2012,5,19,5
113,葡萄柚-紅肉,H4,15.0,15.0,三重區,241,15.0,15.0,220.0,2012,5,22,1
114,葡萄柚-紅肉,H4,15.0,15.0,三重區,241,15.0,15.0,510.0,2012,5,23,2
115,葡萄柚-紅肉,H4,5.0,5.0,三重區,241,5.0,5.0,216.0,2012,5,24,3
116,葡萄柚-紅肉,H4,14.0,14.0,三重區,241,14.0,14.0,540.0,2012,5,25,4
117,葡萄柚-紅肉,H4,15.0,15.0,三重區,241,15.0,15.0,80.0,2012,5,26,5
118,葡萄柚-紅肉,H4,16.3,14.0,三重區,241,14.5,14.0,705.0,2012,5,27,6
119,葡萄柚-紅肉,H4,16.8,14.0,三重區,241,14.6,14.0,537.0,2012,5,30,2
120,葡萄柚-紅肉,H4,14.0,14.0,三重區,241,14.0,14.0,50.0,2012,5,31,3
121,葡萄柚-紅肉,H4,14.3,13.0,三重區,241,13.3,13.0,547.0,2012,6,1,4
122,葡萄柚-紅肉,H4,14.0,14.0,三重區,241,14.0,14.0,575.0,2012,6,5,1
123,葡萄柚-紅肉,H4,20.0,20.0,三重區,241,20.0,20.0,780.0,2012,6,6,2
124,葡萄柚-紅肉,H4,15.0,15.0,三重區,241,15.0,15.0,54.0,2012,6,14,3
125,葡萄柚-紅肉,H4,18.0,18.0,三重區,241,18.0,18.0,120.0,2012,6,22,4
126,葡萄柚-紅肉,H4,15.0,15.0,三重區,241,15.0,15.0,200.0,2012,6,26,1
127,葡萄柚-紅肉,H4,20.0,16.0,三重區,241,17.6,17.3,800.0,2012,6,27,2
128,葡萄柚-紅肉,H4,15.0,12.0,三重區,241,13.3,13.2,560.0,2012,6,28,3
129,葡萄柚-紅肉,H4,13.0,13.0,三重區,241,13.0,13.0,200.0,2012,6,29,4
130,葡萄柚-紅肉,H4,20.0,17.0,三重區,241,18.3,18.2,1122.0,2012,6,30,5
131,葡萄柚-紅肉,H4,16.0,14.0,三重區,241,14.4,14.0,378.0,2012,7,1,6
132,葡萄柚-紅肉,H4,20.0,20.0,三重區,241,20.0,20.0,718.0,2012,7,3,1
133,葡萄柚-紅肉,H4,15.0,15.0,三重區,241,15.0,15.0,110.0,2012,7,4,2
134,葡萄柚-紅肉,H4,17.0,17.0,三重區,241,17.0,17.0,100.0,2012,7,5,3
135,葡萄柚-紅肉,H4,15.0,15.0,三重區,241,15.0,15.0,160.0,2012,7,7,5
136,葡萄柚-紅肉,H4,22.0,22.0,三重區,241,22.0,22.0,120.0,2012,7,8,6
137,葡萄柚-紅肉,H4,20.0,20.0,三重區,241,20.0,20.0,252.0,2012,7,10,1
138,葡萄柚-紅肉,H4,18.0,16.0,三重區,241,16.6,16.4,352.0,2012,7,12,3
139,葡萄柚-紅肉,H4,25.0,20.0,三重區,241,21.9,21.5,982.0,2012,7,17,1
140,葡萄柚-紅肉,H4,18.0,15.0,三重區,241,16.1,15.8,850.0,2012,7,18,2
141,葡萄柚-紅肉,H4,23.1,18.0,三重區,241,19.0,18.0,492.0,2012,7,19,3
142,葡萄柚-紅肉,H4,17.0,17.0,三重區,241,17.0,17.0,312.0,2012,7,24,1
143,葡萄柚-紅肉,H4,20.0,20.0,三重區,241,20.0,20.0,126.0,2012,7,25,2
144,葡萄柚-紅肉,H4,20.0,20.0,三重區,241,20.0,20.0,264.0,2012,7,26,3
145,葡萄柚-紅肉,H4,25.0,25.0,三重區,241,25.0,25.0,132.0,2012,7,28,5
146,葡萄柚-紅肉,H4,21.6,16.4,三重區,241,18.4,17.9,1648.0,2012,7,31,1
147,葡萄柚-紅肉,H4,20.0,20.0,三重區,241,20.0,20.0,260.0,2012,8,1,2
148,葡萄柚-紅肉,H4,20.0,20.0,三重區,241,20.0,20.0,300.0,2012,8,4,5
149,葡萄柚-紅肉,H4,25.0,25.0,三重區,241,25.0,25.0,258.0,2012,8,7,1
150,葡萄柚-紅肉,H4,22.0,16.0,三重區,241,19.3,19.4,617.0,2012,8,8,2
151,葡萄柚-紅肉,H4,25.0,25.0,三重區,241,25.0,25.0,60.0,2012,8,10,4
152,葡萄柚-紅肉,H4,25.0,20.0,三重區,241,22.5,22.6,198.0,2012,8,11,5
153,葡萄柚-紅肉,H4,20.0,18.2,三重區,241,19.6,20.0,440.0,2012,8,12,6
154,葡萄柚-紅肉,H4,24.6,18.0,三重區,241,20.3,19.7,944.0,2012,8,14,1
155,葡萄柚-紅肉,H4,23.3,15.0,三重區,241,18.9,18.6,989.0,2012,8,15,2
156,葡萄柚-紅肉,H4,20.3,13.0,三重區,241,15.7,15.1,1684.0,2012,8,16,3
157,葡萄柚-紅肉,H4,18.7,16.0,三重區,241,16.5,16.0,990.0,2012,8,18,5
158,葡萄柚-紅肉,H4,25.0,25.0,三重區,241,25.0,25.0,594.0,2012,8,21,1
159,葡萄柚-紅肉,H4,25.0,20.0,三重區,241,22.2,22.0,1100.0,2012,8,23,3
160,葡萄柚-紅肉,H4,20.0,20.0,三重區,241,20.0,20.0,440.0,2012,8,24,4
161,葡萄柚-紅肉,H4,25.0,25.0,三重區,241,25.0,25.0,160.0,2012,8,25,5
162,葡萄柚-紅肉,H4,20.8,16.0,三重區,241,17.8,17.4,2292.0,2012,8,26,6
163,葡萄柚-紅肉,H4,23.3,15.0,三重區,241,18.6,18.3,3037.0,2012,8,28,1
164,葡萄柚-紅肉,H4,25.4,18.9,三重區,241,21.6,21.2,2971.0,2012,8,29,2
165,葡萄柚-紅肉,H4,23.7,17.8,三重區,241,20.6,20.5,4796.0,2012,8,30,3
166,葡萄柚-紅肉,H4,28.2,18.8,三重區,241,23.0,22.6,5034.0,2012,8,31,4
167,葡萄柚-紅肉,H4,25.0,20.0,三重區,241,22.6,22.6,2815.0,2012,9,1,5
168,葡萄柚-紅肉,H4,25.0,22.0,三重區,241,23.4,23.4,2385.0,2012,9,2,6
169,葡萄柚-紅肉,H4,29.4,17.0,三重區,241,23.1,23.0,1060.0,2012,9,5,2
170,葡萄柚-紅肉,H4,25.0,20.4,三重區,241,23.4,23.8,2000.0,2012,9,6,3
171,葡萄柚-紅肉,H4,25.0,20.0,三重區,241,22.3,22.2,3359.0,2012,9,7,4
172,葡萄柚-紅肉,H4,25.5,17.5,三重區,241,23.3,24.6,2384.0,2012,9,8,5
173,葡萄柚-紅肉,H4,25.0,20.0,三重區,241,21.9,21.5,1829.0,2012,9,9,6
174,葡萄柚-紅肉,H4,23.2,20.0,三重區,241,21.7,21.7,3488.0,2012,9,11,1
175,葡萄柚-紅肉,H4,23.2,20.0,三重區,241,20.9,20.5,3330.0,2012,9,12,2
176,葡萄柚-紅肉,H4,25.4,20.3,三重區,241,23.6,24.1,4984.0,2012,9,13,3
177,葡萄柚-紅肉,H4,22.9,20.0,三重區,241,20.6,20.0,2538.0,2012,9,14,4
178,葡萄柚-紅肉,H4,24.2,19.8,三重區,241,21.3,20.8,3774.0,2012,9,15,5
179,葡萄柚-紅肉,H4,20.5,20.0,三重區,241,20.1,20.0,5945.0,2012,9,16,6
180,葡萄柚-紅肉,H4,25.0,20.2,三重區,241,22.8,22.9,2921.0,2012,9,18,1
181,葡萄柚-紅肉,H4,23.7,20.8,三重區,241,22.1,22.0,3469.0,2012,9,19,2
182,葡萄柚-紅肉,H4,22.0,16.0,三重區,241,19.4,19.7,1088.0,2012,9,20,3
183,葡萄柚-紅肉,H4,25.0,15.5,三重區,241,21.5,22.4,4545.0,2012,9,21,4
184,葡萄柚-紅肉,H4,23.0,20.0,三重區,241,20.6,20.0,849.0,2012,9,22,5
185,葡萄柚-紅肉,H4,28.0,20.0,三重區,241,21.8,20.3,1339.0,2012,9,23,6
186,葡萄柚-紅肉,H4,22.9,13.9,三重區,241,19.2,19.6,3953.0,2012,9,25,1
187,葡萄柚-紅肉,H4,21.4,12.0,三重區,241,17.5,18.0,1810.0,2012,9,26,2
188,葡萄柚-紅肉,H4,23.3,14.8,三重區,241,19.9,20.5,2734.0,2012,9,27,3
189,葡萄柚-紅肉,H4,25.0,13.8,三重區,241,19.8,20.1,3006.0,2012,9,28,4
190,葡萄柚-紅肉,H4,23.6,19.4,三重區,241,20.8,20.3,3386.0,2012,9,29,5
191,葡萄柚-紅肉,H4,22.0,20.0,三重區,241,20.4,20.0,931.0,2012,9,30,6
192,葡萄柚-紅肉,H4,23.2,11.6,三重區,241,19.0,20.0,2937.0,2012,10,3,2
193,葡萄柚-紅肉,H4,25.3,13.8,三重區,241,20.9,21.8,2404.0,2012,10,4,3
194,葡萄柚-紅肉,H4,22.0,11.4,三重區,241,16.1,15.7,4425.0,2012,10,5,4
195,葡萄柚-紅肉,H4,29.0,18.7,三重區,241,23.4,23.2,431.0,2012,10,6,5
196,葡萄柚-紅肉,H4,25.3,18.8,三重區,241,22.3,22.5,2430.0,2012,10,7,6
197,葡萄柚-紅肉,H4,26.5,17.0,三重區,241,21.0,20.5,2611.0,2012,10,9,1
198,葡萄柚-紅肉,H4,27.2,11.0,三重區,241,18.8,18.7,1840.0,2012,10,10,2
199,葡萄柚-紅肉,H4,23.9,15.0,三重區,241,18.0,17.1,3198.0,2012,10,11,3
200,葡萄柚-紅肉,H4,33.6,15.0,三重區,241,20.8,18.4,2703.0,2012,10,12,4
201,葡萄柚-紅肉,H4,24.9,16.2,三重區,241,19.1,18.1,4128.0,2012,10,13,5
202,葡萄柚-紅肉,H4,27.2,14.1,三重區,241,20.1,19.7,2695.0,2012,10,14,6
203,葡萄柚-紅肉,H4,25.0,18.7,三重區,241,21.1,20.5,3350.0,2012,10,16,1
204,葡萄柚-紅肉,H4,25.4,18.2,三重區,241,21.3,20.9,1695.0,2012,10,17,2
205,葡萄柚-紅肉,H4,14.0,8.7,三重區,241,11.7,12.0,270.0,2012,10,18,3
206,葡萄柚-紅肉,H4,18.0,13.0,三重區,241,16.7,17.5,2796.0,2012,10,19,4
207,葡萄柚-紅肉,H4,23.0,18.0,三重區,241,20.5,20.5,236.0,2012,10,20,5
208,葡萄柚-紅肉,H4,18.0,18.0,三重區,241,18.0,18.0,704.0,2012,10,21,6
209,葡萄柚-紅肉,H4,22.0,17.2,三重區,241,19.9,20.0,2213.0,2012,10,23,1
210,葡萄柚-紅肉,H4,17.0,14.0,三重區,241,15.2,15.0,1582.0,2012,10,24,2
211,葡萄柚-紅肉,H4,18.4,18.0,三重區,241,18.1,18.0,1418.0,2012,10,25,3
212,葡萄柚-紅肉,H4,20.0,15.0,三重區,241,17.9,18.1,1066.0,2012,10,26,4
213,葡萄柚-紅肉,H4,20.4,13.6,三重區,241,18.2,19.0,2722.0,2012,10,27,5
214,葡萄柚-紅肉,H4,19.4,13.0,三重區,241,16.7,17.1,3684.0,2012,10,28,6
215,葡萄柚-紅肉,H4,18.0,8.8,三重區,241,15.0,16.1,1101.0,2012,10,30,1
216,葡萄柚-紅肉,H4,20.0,16.4,三重區,241,18.8,19.2,1429.0,2012,10,31,2
217,葡萄柚-紅肉,H4,24.0,6.0,三重區,241,19.7,22.8,3172.0,2012,11,1,3
218,葡萄柚-紅肉,H4,19.3,12.2,三重區,241,14.9,14.4,3490.0,2012,11,2,4
219,葡萄柚-紅肉,H4,18.0,12.8,三重區,241,16.2,16.7,1112.0,2012,11,3,5
220,葡萄柚-紅肉,H4,19.8,13.4,三重區,241,15.9,15.4,3514.0,2012,11,4,6
221,葡萄柚-紅肉,H4,20.0,8.5,三重區,241,15.2,15.8,3207.0,2012,11,6,1
222,葡萄柚-紅肉,H4,20.0,15.0,三重區,241,17.2,17.0,1029.0,2012,11,7,2
223,葡萄柚-紅肉,H4,17.9,11.9,三重區,241,15.0,15.1,2480.0,2012,11,8,3
224,葡萄柚-紅肉,H4,20.0,12.0,三重區,241,17.0,17.6,2969.0,2012,11,9,4
225,葡萄柚-紅肉,H4,20.0,14.7,三重區,241,17.9,18.3,2761.0,2012,11,10,5
226,葡萄柚-紅肉,H4,15.0,9.7,三重區,241,13.8,14.8,1114.0,2012,11,11,6
227,葡萄柚-紅肉,H4,18.8,11.7,三重區,241,15.6,15.8,4256.0,2012,11,13,1
228,葡萄柚-紅肉,H4,17.0,12.6,三重區,241,15.1,15.3,3185.0,2012,11,14,2
229,葡萄柚-紅肉,H4,17.0,6.8,三重區,241,13.7,14.9,720.0,2012,11,15,3
230,葡萄柚-紅肉,H4,16.0,15.0,三重區,241,15.7,15.8,944.0,2012,11,16,4
231,葡萄柚-紅肉,H4,15.0,7.1,三重區,241,12.7,13.7,2280.0,2012,11,17,5
232,葡萄柚-紅肉,H4,13.0,13.0,三重區,241,13.0,13.0,1012.0,2012,11,18,6
233,葡萄柚-紅肉,H4,17.9,11.2,三重區,241,15.1,15.5,2753.0,2012,11,20,1
234,葡萄柚-紅肉,H4,20.0,10.1,三重區,241,15.5,15.8,1453.0,2012,11,21,2
235,葡萄柚-紅肉,H4,20.0,12.4,三重區,241,16.5,16.8,1438.0,2012,11,22,3
236,葡萄柚-紅肉,H4,16.0,10.8,三重區,241,14.2,14.8,1907.0,2012,11,23,4
237,葡萄柚-紅肉,H4,15.0,11.2,三重區,241,14.2,15.0,1046.0,2012,11,24,5
238,葡萄柚-紅肉,H4,15.0,12.2,三重區,241,14.5,15.0,1739.0,2012,11,25,6
239,葡萄柚-紅肉,H4,15.0,12.0,三重區,241,13.6,13.6,4397.0,2012,11,27,1
240,葡萄柚-紅肉,H4,15.0,12.0,三重區,241,14.0,14.3,1558.0,2012,11,28,2
241,葡萄柚-紅肉,H4,15.0,12.3,三重區,241,13.9,14.0,1539.0,2012,11,29,3
242,葡萄柚-紅肉,H4,15.7,15.0,三重區,241,15.1,15.0,822.0,2012,11,30,4
243,葡萄柚-紅肉,H4,15.0,6.0,三重區,241,11.7,12.4,340.0,2012,12,1,5
244,葡萄柚-紅肉,H4,15.0,10.4,三重區,241,12.9,13.1,1745.0,2012,12,2,6
245,葡萄柚-紅肉,H4,15.6,11.2,三重區,241,12.8,12.4,2900.0,2012,12,4,1
246,葡萄柚-紅肉,H4,15.6,12.0,三重區,241,13.6,13.4,3539.0,2012,12,5,2
247,葡萄柚-紅肉,H4,14.6,12.0,三重區,241,12.6,12.2,1774.0,2012,12,6,3
248,葡萄柚-紅肉,H4,15.9,5.5,三重區,241,11.7,12.3,719.0,2012,12,7,4
249,葡萄柚-紅肉,H4,20.0,20.0,三重區,241,20.0,20.0,12.0,2012,12,8,5
250,葡萄柚-紅肉,H4,15.0,11.4,三重區,241,12.6,12.3,1826.0,2012,12,9,6
251,葡萄柚-紅肉,H4,17.0,10.7,三重區,241,14.9,15.7,4851.0,2012,12,11,1
252,葡萄柚-紅肉,H4,18.5,9.9,三重區,241,14.7,15.0,3057.0,2012,12,12,2
253,葡萄柚-紅肉,H4,17.2,5.5,三重區,241,13.4,14.8,1218.0,2012,12,13,3
254,葡萄柚-紅肉,H4,15.0,6.8,三重區,241,13.4,15.0,1348.0,2012,12,14,4
255,葡萄柚-紅肉,H4,15.0,9.6,三重區,241,13.5,14.3,2334.0,2012,12,15,5
256,葡萄柚-紅肉,H4,17.4,9.7,三重區,241,12.6,12.0,1519.0,2012,12,16,6
257,葡萄柚-紅肉,H4,15.0,14.0,三重區,241,14.7,14.8,2367.0,2012,12,18,1
258,葡萄柚-紅肉,H4,12.7,12.0,三重區,241,12.1,12.0,1981.0,2012,12,19,2
259,葡萄柚-紅肉,H4,15.6,13.0,三重區,241,13.5,13.0,2408.0,2012,12,20,3
260,葡萄柚-紅肉,H4,13.0,5.0,三重區,241,10.3,11.2,1060.0,2012,12,21,4
261,葡萄柚-紅肉,H4,16.0,8.7,三重區,241,14.3,15.6,1833.0,2012,12,22,5
262,葡萄柚-紅肉,H4,15.0,5.4,三重區,241,11.1,11.6,1438.0,2012,12,23,6
263,葡萄柚-紅肉,H4,16.2,11.9,三重區,241,14.4,14.6,3150.0,2012,12,25,1
264,葡萄柚-紅肉,H4,15.1,4.8,三重區,241,11.7,12.8,2954.0,2012,12,26,2
265,葡萄柚-紅肉,H4,15.8,11.9,三重區,241,13.8,13.7,1297.0,2012,12,27,3
266,葡萄柚-紅肉,H4,16.1,6.1,三重區,241,13.4,14.9,1022.0,2012,12,28,4
267,葡萄柚-紅肉,H4,15.4,11.6,三重區,241,14.0,14.4,1580.0,2012,12,29,5
268,葡萄柚-紅肉,H4,15.0,6.4,三重區,241,11.3,11.7,986.0,2012,12,30,6
269,葡萄柚-紅肉,H4,16.0,13.0,三重區,241,14.0,13.7,796.0,2013,1,1,1
270,葡萄柚-紅肉,H4,13.0,5.0,三重區,241,9.9,10.6,760.0,2013,1,2,2
271,葡萄柚-紅肉,H4,15.0,11.7,三重區,241,14.3,15.0,4204.0,2013,1,3,3
272,葡萄柚-紅肉,H4,12.0,12.0,三重區,241,12.0,12.0,1244.0,2013,1,4,4
273,葡萄柚-紅肉,H4,15.0,12.4,三重區,241,14.5,15.0,1372.0,2013,1,5,5
274,葡萄柚-紅肉,H4,12.0,8.6,三重區,241,11.3,12.0,1265.0,2013,1,6,6
275,葡萄柚-紅肉,H4,15.0,10.0,三重區,241,11.8,11.3,3078.0,2013,1,8,1
276,葡萄柚-紅肉,H4,15.0,12.0,三重區,241,13.1,12.8,1741.0,2013,1,9,2
277,葡萄柚-紅肉,H4,13.0,13.0,三重區,241,13.0,13.0,716.0,2013,1,10,3
278,葡萄柚-紅肉,H4,15.0,7.9,三重區,241,12.4,13.0,1677.0,2013,1,11,4
279,葡萄柚-紅肉,H4,18.9,8.1,三重區,241,12.7,12.2,1548.0,2013,1,12,5
280,葡萄柚-紅肉,H4,13.1,12.0,三重區,241,12.2,12.0,1815.0,2013,1,13,6
281,葡萄柚-紅肉,H4,15.0,9.0,三重區,241,13.3,14.1,522.0,2013,1,15,1
282,葡萄柚-紅肉,H4,13.0,12.0,三重區,241,12.3,12.1,1680.0,2013,1,16,2
283,葡萄柚-紅肉,H4,15.0,15.0,三重區,241,15.0,15.0,365.0,2013,1,17,3
284,葡萄柚-紅肉,H4,16.2,15.0,三重區,241,15.3,15.0,4413.0,2013,1,18,4
285,葡萄柚-紅肉,H4,15.0,15.0,三重區,241,15.0,15.0,360.0,2013,1,19,5
286,葡萄柚-紅肉,H4,13.0,8.9,三重區,241,12.1,12.9,774.0,2013,1,20,6
287,葡萄柚-紅肉,H4,11.3,7.0,三重區,241,8.9,8.7,776.0,2013,1,22,1
288,葡萄柚-紅肉,H4,9.0,7.9,三重區,241,8.2,8.0,4915.0,2013,1,23,2
289,葡萄柚-紅肉,H4,7.1,6.6,三重區,241,7.0,7.0,2929.0,2013,1,24,3
290,葡萄柚-紅肉,H4,6.9,6.0,三重區,241,6.2,6.0,3665.0,2013,1,25,4
291,葡萄柚-紅肉,H4,7.0,6.5,三重區,241,6.9,7.0,1814.0,2013,1,26,5
292,葡萄柚-紅肉,H4,7.0,6.5,三重區,241,6.9,7.0,1780.0,2013,1,27,6
293,葡萄柚-紅肉,H4,7.4,6.0,三重區,241,6.4,6.2,1500.0,2013,1,29,1
294,葡萄柚-紅肉,H4,7.0,5.2,三重區,241,6.1,6.0,781.0,2013,1,30,2
295,葡萄柚-紅肉,H4,6.8,6.0,三重區,241,6.2,6.0,2428.0,2013,1,31,3
296,葡萄柚-紅肉,H4,9.7,6.0,三重區,241,7.1,6.5,1445.0,2013,2,1,4
297,葡萄柚-紅肉,H4,7.0,6.9,三重區,241,7.0,7.0,4708.0,2013,2,2,5
298,葡萄柚-紅肉,H4,8.0,6.0,三重區,241,6.8,6.6,851.0,2013,2,3,6
299,葡萄柚-紅肉,H4,9.0,6.0,三重區,241,7.6,7.6,2344.0,2013,2,5,1
300,葡萄柚-紅肉,H4,6.0,6.0,三重區,241,6.0,6.0,1746.0,2013,2,6,2
301,葡萄柚-紅肉,H4,20.0,10.0,三重區,241,13.3,12.1,735.0,2013,2,7,3
302,葡萄柚-紅肉,H4,6.0,6.0,三重區,241,6.0,6.0,2784.0,2013,2,8,4
303,葡萄柚-紅肉,H4,7.8,6.0,三重區,241,6.4,6.0,2763.0,2013,2,15,4
304,葡萄柚-紅肉,H4,7.4,7.0,三重區,241,7.1,7.0,3749.0,2013,2,16,5
305,葡萄柚-紅肉,H4,7.0,6.0,三重區,241,6.7,6.8,682.0,2013,2,17,6
306,葡萄柚-紅肉,H4,7.0,7.0,三重區,241,7.0,7.0,5192.0,2013,2,19,1
307,葡萄柚-紅肉,H4,7.0,7.0,三重區,241,7.0,7.0,798.0,2013,2,20,2
308,葡萄柚-紅肉,H4,7.0,7.0,三重區,241,7.0,7.0,1928.0,2013,2,21,3
309,葡萄柚-紅肉,H4,7.0,6.3,三重區,241,6.9,7.0,1806.0,2013,2,22,4
310,葡萄柚-紅肉,H4,4.0,4.0,三重區,241,4.0,4.0,180.0,2013,2,23,5
311,葡萄柚-紅肉,H4,5.0,4.0,三重區,241,4.4,4.4,1381.0,2013,2,24,6
312,葡萄柚-紅肉,H4,4.0,4.0,三重區,241,4.0,4.0,4931.0,2013,2,27,2
313,葡萄柚-紅肉,H4,5.0,4.0,三重區,241,4.4,4.2,3702.0,2013,2,28,3
314,葡萄柚-紅肉,H4,6.6,4.0,三重區,241,4.5,4.0,6384.0,2013,3,1,4
315,葡萄柚-紅肉,H4,14.8,13.9,三重區,241,14.2,14.0,2136.0,2013,3,2,5
316,葡萄柚-紅肉,H4,12.0,12.0,三重區,241,12.0,12.0,490.0,2013,3,3,6
317,葡萄柚-紅肉,H4,14.1,12.0,三重區,241,12.4,12.0,2942.0,2013,3,5,1
318,葡萄柚-紅肉,H4,14.5,11.0,三重區,241,11.7,11.0,2405.0,2013,3,6,2
319,葡萄柚-紅肉,H4,13.4,11.9,三重區,241,12.3,12.0,2359.0,2013,3,7,3
320,葡萄柚-紅肉,H4,12.3,11.8,三重區,241,12.0,12.0,1683.0,2013,3,8,4
321,葡萄柚-紅肉,H4,9.4,9.0,三重區,241,9.1,9.0,3829.0,2013,3,9,5
322,葡萄柚-紅肉,H4,9.4,8.0,三重區,241,8.3,8.0,3389.0,2013,3,10,6
323,葡萄柚-紅肉,H4,7.6,7.0,三重區,241,7.1,7.0,4922.0,2013,3,12,1
324,葡萄柚-紅肉,H4,10.8,6.9,三重區,241,7.7,7.0,3396.0,2013,3,13,2
325,葡萄柚-紅肉,H4,8.0,8.0,三重區,241,8.0,8.0,1325.0,2013,3,14,3
326,葡萄柚-紅肉,H4,8.0,8.0,三重區,241,8.0,8.0,260.0,2013,3,15,4
327,葡萄柚-紅肉,H4,10.0,8.0,三重區,241,8.4,8.0,909.0,2013,3,16,5
328,葡萄柚-紅肉,H4,8.0,8.0,三重區,241,8.0,8.0,1834.0,2013,3,17,6
329,葡萄柚-紅肉,H4,8.0,8.0,三重區,241,8.0,8.0,6146.0,2013,3,19,1
330,葡萄柚-紅肉,H4,8.0,8.0,三重區,241,8.0,8.0,1167.0,2013,3,20,2
331,葡萄柚-紅肉,H4,9.3,7.8,三重區,241,8.2,8.0,2132.0,2013,3,21,3
332,葡萄柚-紅肉,H4,10.3,7.0,三重區,241,7.7,7.0,705.0,2013,3,22,4
333,葡萄柚-紅肉,H4,8.1,8.0,三重區,241,8.0,8.0,7865.0,2013,3,23,5
334,葡萄柚-紅肉,H4,7.7,6.9,三重區,241,7.1,7.0,3023.0,2013,3,24,6
335,葡萄柚-紅肉,H4,7.1,6.9,三重區,241,7.0,7.0,4211.0,2013,3,26,1
336,葡萄柚-紅肉,H4,7.0,7.0,三重區,241,7.0,7.0,1839.0,2013,3,27,2
337,葡萄柚-紅肉,H4,7.3,6.6,三重區,241,7.0,7.0,680.0,2013,3,28,3
338,葡萄柚-紅肉,H4,5.0,5.0,三重區,241,5.0,5.0,4196.0,2013,3,29,4
339,葡萄柚-紅肉,H4,6.0,5.0,三重區,241,5.2,5.0,1478.0,2013,3,31,6
340,葡萄柚-紅肉,H4,6.8,5.0,三重區,241,5.7,5.6,3772.0,2013,4,2,1
341,葡萄柚-紅肉,H4,6.0,6.0,三重區,241,6.0,6.0,2518.0,2013,4,3,2
342,葡萄柚-紅肉,H4,19.2,6.0,三重區,241,8.6,6.0,2656.0,2013,4,6,5
343,葡萄柚-紅肉,H4,6.0,4.7,三重區,241,5.7,6.0,2920.0,2013,4,7,6
344,葡萄柚-紅肉,H4,6.1,6.0,三重區,241,6.0,6.0,4134.0,2013,4,9,1
345,葡萄柚-紅肉,H4,7.1,6.0,三重區,241,6.2,6.0,1186.0,2013,4,10,2
346,葡萄柚-紅肉,H4,6.0,6.0,三重區,241,6.0,6.0,822.0,2013,4,11,3
347,葡萄柚-紅肉,H4,9.0,6.0,三重區,241,7.5,7.5,107.0,2013,4,12,4
348,葡萄柚-紅肉,H4,6.0,6.0,三重區,241,6.0,6.0,20.0,2013,4,13,5
349,葡萄柚-紅肉,H4,5.0,5.0,三重區,241,5.0,5.0,998.0,2013,4,14,6
350,葡萄柚-紅肉,H4,5.0,5.0,三重區,241,5.0,5.0,644.0,2013,4,16,1
351,葡萄柚-紅肉,H4,5.0,5.0,三重區,241,5.0,5.0,1120.0,2013,4,17,2
352,葡萄柚-紅肉,H4,5.0,5.0,三重區,241,5.0,5.0,1060.0,2013,4,18,3
353,葡萄柚-紅肉,H4,5.0,5.0,三重區,241,5.0,5.0,844.0,2013,4,19,4
354,葡萄柚-紅肉,H4,6.7,5.0,三重區,241,5.3,5.0,2448.0,2013,4,20,5
355,葡萄柚-紅肉,H4,13.0,10.0,三重區,241,11.9,12.1,136.0,2013,4,21,6
356,葡萄柚-紅肉,H4,9.2,9.0,三重區,241,9.0,9.0,2244.0,2013,4,23,1
357,葡萄柚-紅肉,H4,10.4,8.0,三重區,241,8.5,8.0,1332.0,2013,4,24,2
358,葡萄柚-紅肉,H4,10.0,10.0,三重區,241,10.0,10.0,502.0,2013,4,25,3
359,葡萄柚-紅肉,H4,10.0,10.0,三重區,241,10.0,10.0,966.0,2013,4,26,4
360,葡萄柚-紅肉,H4,11.5,10.0,三重區,241,10.3,10.0,1018.0,2013,4,27,5
361,葡萄柚-紅肉,H4,13.0,13.0,三重區,241,13.0,13.0,220.0,2013,4,28,6
362,葡萄柚-紅肉,H4,13.0,11.5,三重區,241,12.7,13.0,1488.0,2013,4,30,1
363,葡萄柚-紅肉,H4,10.6,8.0,三重區,241,8.5,8.0,2934.0,2013,5,1,2
364,葡萄柚-紅肉,H4,11.0,11.0,三重區,241,11.0,11.0,714.0,2013,5,2,3
365,葡萄柚-紅肉,H4,11.0,11.0,三重區,241,11.0,11.0,936.0,2013,5,4,5
366,葡萄柚-紅肉,H4,12.8,11.0,三重區,241,11.4,11.0,2420.0,2013,5,5,6
367,葡萄柚-紅肉,H4,15.0,11.1,三重區,241,13.8,14.3,2162.0,2013,5,7,1
368,葡萄柚-紅肉,H4,25.0,10.0,三重區,241,15.3,13.8,1710.0,2013,5,8,2
369,葡萄柚-紅肉,H4,10.0,10.0,三重區,241,10.0,10.0,2212.0,2013,5,9,3
370,葡萄柚-紅肉,H4,10.2,10.0,三重區,241,10.0,10.0,1161.0,2013,5,10,4
371,葡萄柚-紅肉,H4,10.0,10.0,三重區,241,10.0,10.0,364.0,2013,5,11,5
372,葡萄柚-紅肉,H4,11.0,10.0,三重區,241,10.8,10.9,2298.0,2013,5,14,1
373,葡萄柚-紅肉,H4,11.0,11.0,三重區,241,11.0,11.0,1218.0,2013,5,15,2
374,葡萄柚-紅肉,H4,11.0,11.0,三重區,241,11.0,11.0,1440.0,2013,5,16,3
375,葡萄柚-紅肉,H4,11.0,11.0,三重區,241,11.0,11.0,440.0,2013,5,17,4
376,葡萄柚-紅肉,H4,11.0,11.0,三重區,241,11.0,11.0,660.0,2013,5,21,1
377,葡萄柚-紅肉,H4,11.0,11.0,三重區,241,11.0,11.0,840.0,2013,5,22,2
378,葡萄柚-紅肉,H4,11.0,11.0,三重區,241,11.0,11.0,520.0,2013,5,23,3
379,葡萄柚-紅肉,H4,11.0,11.0,三重區,241,11.0,11.0,1068.0,2013,5,24,4
380,葡萄柚-紅肉,H4,11.0,11.0,三重區,241,11.0,11.0,568.0,2013,5,25,5
381,葡萄柚-紅肉,H4,11.0,11.0,三重區,241,11.0,11.0,160.0,2013,5,26,6
382,葡萄柚-紅肉,H4,11.0,11.0,三重區,241,11.0,11.0,1350.0,2013,5,28,1
383,葡萄柚-紅肉,H4,11.0,11.0,三重區,241,11.0,11.0,480.0,2013,5,29,2
384,葡萄柚-紅肉,H4,11.0,11.0,三重區,241,11.0,11.0,630.0,2013,5,30,3
385,葡萄柚-紅肉,H4,11.0,11.0,三重區,241,11.0,11.0,72.0,2013,6,1,5
386,葡萄柚-紅肉,H4,11.0,11.0,三重區,241,11.0,11.0,340.0,2013,6,4,1
387,葡萄柚-紅肉,H4,11.5,11.0,三重區,241,11.1,11.0,451.0,2013,6,5,2
388,葡萄柚-紅肉,H4,11.0,11.0,三重區,241,11.0,11.0,700.0,2013,6,6,3
389,葡萄柚-紅肉,H4,11.0,11.0,三重區,241,11.0,11.0,960.0,2013,6,7,4
390,葡萄柚-紅肉,H4,20.0,11.0,三重區,241,18.1,19.8,1252.0,2013,6,8,5
391,葡萄柚-紅肉,H4,11.0,11.0,三重區,241,11.0,11.0,612.0,2013,6,9,6
392,葡萄柚-紅肉,H4,11.0,11.0,三重區,241,11.0,11.0,590.0,2013,6,11,1
393,葡萄柚-紅肉,H4,11.0,11.0,三重區,241,11.0,11.0,100.0,2013,6,12,2
394,葡萄柚-紅肉,H4,11.0,11.0,三重區,241,11.0,11.0,340.0,2013,6,15,5
395,葡萄柚-紅肉,H4,11.0,11.0,三重區,241,11.0,11.0,288.0,2013,6,16,6
396,葡萄柚-紅肉,H4,15.0,11.0,三重區,241,11.8,11.0,300.0,2013,6,18,1
397,葡萄柚-紅肉,H4,11.0,11.0,三重區,241,11.0,11.0,976.0,2013,6,19,2
398,葡萄柚-紅肉,H4,11.0,11.0,三重區,241,11.0,11.0,672.0,2013,6,20,3
399,葡萄柚-紅肉,H4,11.0,11.0,三重區,241,11.0,11.0,1030.0,2013,6,21,4
400,葡萄柚-紅肉,H4,11.0,11.0,三重區,241,11.0,11.0,80.0,2013,6,22,5
401,葡萄柚-紅肉,H4,11.0,11.0,三重區,241,11.0,11.0,16.0,2013,6,25,1
402,葡萄柚-紅肉,H4,24.7,15.0,三重區,241,18.1,17.0,270.0,2013,6,29,5
403,葡萄柚-紅肉,H4,24.6,16.2,三重區,241,19.5,19.0,714.0,2013,6,30,6
404,葡萄柚-紅肉,H4,23.0,23.0,三重區,241,23.0,23.0,738.0,2013,7,2,1
405,葡萄柚-紅肉,H4,24.6,18.4,三重區,241,22.4,23.0,564.0,2013,7,3,2
406,葡萄柚-紅肉,H4,16.0,8.0,三重區,241,14.0,15.3,704.0,2013,7,4,3
407,葡萄柚-紅肉,H4,12.0,12.0,三重區,241,12.0,12.0,738.0,2013,7,5,4
408,葡萄柚-紅肉,H4,14.5,8.0,三重區,241,9.3,8.0,953.0,2013,7,6,5
409,葡萄柚-紅肉,H4,18.9,14.5,三重區,241,15.7,15.0,1040.0,2013,7,7,6
410,葡萄柚-紅肉,H4,31.0,18.0,三重區,241,21.1,18.8,420.0,2013,7,9,1
411,葡萄柚-紅肉,H4,23.0,22.0,三重區,241,22.8,23.0,440.0,2013,7,10,2
412,葡萄柚-紅肉,H4,30.0,25.0,三重區,241,26.7,26.1,108.0,2013,7,11,3
413,葡萄柚-紅肉,H4,27.8,21.0,三重區,241,22.5,21.2,882.0,2013,7,12,4
414,葡萄柚-紅肉,H4,21.0,20.0,三重區,241,20.4,20.3,506.0,2013,7,13,5
415,葡萄柚-紅肉,H4,21.0,21.0,三重區,241,21.0,21.0,540.0,2013,7,14,6
416,葡萄柚-紅肉,H4,16.2,15.0,三重區,241,15.2,15.0,394.0,2013,7,16,1
417,葡萄柚-紅肉,H4,15.0,15.0,三重區,241,15.0,15.0,462.0,2013,7,17,2
418,葡萄柚-紅肉,H4,23.2,14.6,三重區,241,16.6,15.0,1202.0,2013,7,18,3
419,葡萄柚-紅肉,H4,30.6,10.5,三重區,241,19.6,18.9,690.0,2013,7,19,4
420,葡萄柚-紅肉,H4,16.0,16.0,三重區,241,16.0,16.0,1642.0,2013,7,20,5
421,葡萄柚-紅肉,H4,21.7,14.4,三重區,241,19.2,20.0,481.0,2013,7,21,6
422,葡萄柚-紅肉,H4,15.0,15.0,三重區,241,15.0,15.0,968.0,2013,7,23,1
423,葡萄柚-紅肉,H4,18.0,18.0,三重區,241,18.0,18.0,256.0,2013,7,25,3
424,葡萄柚-紅肉,H4,29.0,18.5,三重區,241,26.9,29.0,162.0,2013,7,26,4
425,葡萄柚-紅肉,H4,17.8,15.0,三重區,241,15.6,15.0,1178.0,2013,7,27,5
426,葡萄柚-紅肉,H4,22.0,22.0,三重區,241,22.0,22.0,80.0,2013,7,28,6
427,葡萄柚-紅肉,H4,26.8,17.0,三重區,241,19.0,17.0,1274.0,2013,7,30,1
428,葡萄柚-紅肉,H4,26.2,22.0,三重區,241,23.2,22.5,924.0,2013,7,31,2
429,葡萄柚-紅肉,H4,23.1,19.0,三重區,241,19.8,19.0,1566.0,2013,8,1,3
430,葡萄柚-紅肉,H4,30.0,17.2,三重區,241,25.0,25.9,374.0,2013,8,2,4
431,葡萄柚-紅肉,H4,30.0,17.9,三重區,241,22.3,21.3,1596.0,2013,8,3,5
432,葡萄柚-紅肉,H4,29.8,18.1,三重區,241,21.2,19.4,1370.0,2013,8,4,6
433,葡萄柚-紅肉,H4,30.6,19.0,三重區,241,21.9,20.0,2227.0,2013,8,6,1
434,葡萄柚-紅肉,H4,27.2,20.9,三重區,241,22.6,21.7,2878.0,2013,8,7,2
435,葡萄柚-紅肉,H4,23.5,21.0,三重區,241,21.5,21.0,1262.0,2013,8,8,3
436,葡萄柚-紅肉,H4,25.0,18.9,三重區,241,20.3,19.3,796.0,2013,8,9,4
437,葡萄柚-紅肉,H4,24.6,19.0,三重區,241,20.1,19.0,1350.0,2013,8,10,5
438,葡萄柚-紅肉,H4,30.4,23.7,三重區,241,26.1,25.5,664.0,2013,8,11,6
439,葡萄柚-紅肉,H4,25.8,21.0,三重區,241,22.0,21.0,3978.0,2013,8,13,1
440,葡萄柚-紅肉,H4,25.9,20.8,三重區,241,22.2,21.5,1028.0,2013,8,14,2
441,葡萄柚-紅肉,H4,22.8,18.0,三重區,241,19.3,18.6,1820.0,2013,8,15,3
442,葡萄柚-紅肉,H4,26.0,17.0,三重區,241,20.5,19.8,1000.0,2013,8,16,4
443,葡萄柚-紅肉,H4,20.9,17.0,三重區,241,17.8,17.0,3359.0,2013,8,17,5
444,葡萄柚-紅肉,H4,17.0,17.0,三重區,241,17.0,17.0,3356.0,2013,8,18,6
445,葡萄柚-紅肉,H4,23.0,20.0,三重區,241,20.9,20.4,3717.0,2013,8,20,1
446,葡萄柚-紅肉,H4,20.0,20.0,三重區,241,20.0,20.0,432.0,2013,8,21,2
447,葡萄柚-紅肉,H4,22.8,20.0,三重區,241,20.6,20.0,2549.0,2013,8,24,5
448,葡萄柚-紅肉,H4,24.6,17.0,三重區,241,19.0,17.7,3012.0,2013,8,25,6
449,葡萄柚-紅肉,H4,25.1,16.9,三重區,241,19.9,19.1,7320.0,2013,8,27,1
450,葡萄柚-紅肉,H4,25.5,20.0,三重區,241,22.9,23.0,1248.0,2013,8,28,2
451,葡萄柚-紅肉,H4,25.0,16.8,三重區,241,21.5,21.8,1604.0,2013,8,29,3
452,葡萄柚-紅肉,H4,22.8,12.0,三重區,241,17.8,18.0,1486.0,2013,8,30,4
453,葡萄柚-紅肉,H4,27.5,20.0,三重區,241,22.9,22.4,1063.0,2013,8,31,5
454,葡萄柚-紅肉,H4,24.0,17.3,三重區,241,21.3,21.8,1341.0,2013,9,1,6
455,葡萄柚-紅肉,H4,26.4,12.7,三重區,241,20.0,20.3,3103.0,2013,9,3,1
456,葡萄柚-紅肉,H4,23.8,15.9,三重區,241,20.3,20.5,4090.0,2013,9,4,2
457,葡萄柚-紅肉,H4,25.5,14.2,三重區,241,19.5,19.2,2904.0,2013,9,5,3
458,葡萄柚-紅肉,H4,31.2,18.6,三重區,241,23.8,23.0,1604.0,2013,9,6,4
459,葡萄柚-紅肉,H4,24.5,15.7,三重區,241,19.3,18.7,3544.0,2013,9,7,5
460,葡萄柚-紅肉,H4,27.5,13.9,三重區,241,20.3,20.0,5364.0,2013,9,8,6
461,葡萄柚-紅肉,H4,17.0,17.0,三重區,241,17.0,17.0,234.0,2013,9,10,1
462,葡萄柚-紅肉,H4,22.6,18.0,三重區,241,19.1,18.3,1569.0,2013,9,11,2
463,葡萄柚-紅肉,H4,24.6,17.0,三重區,241,20.2,19.9,524.0,2013,9,12,3
464,葡萄柚-紅肉,H4,13.0,10.0,三重區,241,10.7,10.1,1400.0,2013,9,13,4
465,葡萄柚-紅肉,H4,21.2,14.8,三重區,241,18.9,19.5,3176.0,2013,9,14,5
466,葡萄柚-紅肉,H4,22.0,20.0,三重區,241,20.6,20.2,576.0,2013,9,15,6
467,葡萄柚-紅肉,H4,20.4,12.3,三重區,241,17.3,18.0,3386.0,2013,9,17,1
468,葡萄柚-紅肉,H4,24.9,11.3,三重區,241,19.1,19.8,799.0,2013,9,18,2
469,葡萄柚-紅肉,H4,18.0,13.2,三重區,241,16.3,16.8,192.0,2013,9,19,3
470,葡萄柚-紅肉,H4,20.0,20.0,三重區,241,20.0,20.0,400.0,2013,9,22,6
471,葡萄柚-紅肉,H4,20.1,15.3,三重區,241,17.8,17.8,2856.0,2013,9,24,1
472,葡萄柚-紅肉,H4,28.4,11.3,三重區,241,18.7,17.9,1696.0,2013,9,25,2
473,葡萄柚-紅肉,H4,18.0,7.8,三重區,241,15.3,16.9,1220.0,2013,9,26,3
474,葡萄柚-紅肉,H4,41.6,10.7,三重區,241,22.0,19.3,651.0,2013,9,27,4
475,葡萄柚-紅肉,H4,33.9,6.9,三重區,241,18.1,16.5,1578.0,2013,9,28,5
476,葡萄柚-紅肉,H4,37.0,7.1,三重區,241,21.2,20.6,553.0,2013,9,29,6
477,葡萄柚-紅肉,H4,20.0,16.5,三重區,241,18.6,18.9,3699.0,2013,10,1,1
478,葡萄柚-紅肉,H4,20.0,14.4,三重區,241,18.5,19.4,1715.0,2013,10,2,2
479,葡萄柚-紅肉,H4,20.0,11.5,三重區,241,17.1,18.0,1306.0,2013,10,3,3
480,葡萄柚-紅肉,H4,33.8,15.4,三重區,241,21.6,19.6,1738.0,2013,10,4,4
481,葡萄柚-紅肉,H4,28.7,12.4,三重區,241,20.0,19.7,2175.0,2013,10,5,5
482,葡萄柚-紅肉,H4,32.0,13.9,三重區,241,21.9,21.2,593.0,2013,10,6,6
483,葡萄柚-紅肉,H4,31.7,17.2,三重區,241,21.0,18.7,1532.0,2013,10,8,1
484,葡萄柚-紅肉,H4,30.5,10.0,三重區,241,17.9,16.3,1262.0,2013,10,9,2
485,葡萄柚-紅肉,H4,28.0,10.0,三重區,241,16.4,14.7,1486.0,2013,10,10,3
486,葡萄柚-紅肉,H4,20.3,12.3,三重區,241,17.0,17.4,3826.0,2013,10,11,4
487,葡萄柚-紅肉,H4,29.6,15.0,三重區,241,18.8,16.5,839.0,2013,10,12,5
488,葡萄柚-紅肉,H4,20.0,15.3,三重區,241,18.4,18.8,1795.0,2013,10,13,6
489,葡萄柚-紅肉,H4,20.0,10.1,三重區,241,16.7,17.7,3076.0,2013,10,15,1
490,葡萄柚-紅肉,H4,20.0,17.0,三重區,241,18.5,18.5,999.0,2013,10,17,3
491,葡萄柚-紅肉,H4,18.0,15.8,三重區,241,16.7,16.5,4360.0,2013,10,18,4
492,葡萄柚-紅肉,H4,20.0,12.0,三重區,241,16.3,16.5,753.0,2013,10,19,5
493,葡萄柚-紅肉,H4,17.0,15.0,三重區,241,16.6,17.0,1150.0,2013,10,20,6
494,葡萄柚-紅肉,H4,20.0,15.0,三重區,241,18.5,19.1,2152.0,2013,10,22,1
495,葡萄柚-紅肉,H4,20.0,17.0,三重區,241,18.9,19.2,1028.0,2013,10,23,2
496,葡萄柚-紅肉,H4,20.0,17.0,三重區,241,18.3,18.2,883.0,2013,10,24,3
497,葡萄柚-紅肉,H4,21.4,15.7,三重區,241,18.2,18.0,3557.0,2013,10,26,5
498,葡萄柚-紅肉,H4,18.0,16.0,三重區,241,17.3,17.5,1496.0,2013,10,27,6
499,葡萄柚-紅肉,H4,20.0,8.3,三重區,241,17.1,19.0,592.0,2013,10,29,1
500,葡萄柚-紅肉,H4,20.0,15.0,三重區,241,17.2,17.0,1800.0,2013,10,30,2
501,葡萄柚-紅肉,H4,19.0,15.0,三重區,241,16.2,15.7,3756.0,2013,10,31,3
502,葡萄柚-紅肉,H4,19.4,14.6,三重區,241,17.2,17.3,1371.0,2013,11,1,4
503,葡萄柚-紅肉,H4,19.6,16.0,三重區,241,17.2,16.7,1774.0,2013,11,2,5
504,葡萄柚-紅肉,H4,17.0,15.0,三重區,241,16.3,16.5,580.0,2013,11,3,6
505,葡萄柚-紅肉,H4,18.0,15.0,三重區,241,16.2,16.1,3613.0,2013,11,5,1
506,葡萄柚-紅肉,H4,15.9,15.0,三重區,241,15.2,15.0,4223.0,2013,11,6,2
507,葡萄柚-紅肉,H4,20.0,15.1,三重區,241,17.6,17.6,1113.0,2013,11,7,3
508,葡萄柚-紅肉,H4,17.9,8.7,三重區,241,15.5,17.0,534.0,2013,11,8,4
509,葡萄柚-紅肉,H4,16.3,15.0,三重區,241,15.3,15.0,1826.0,2013,11,9,5
510,葡萄柚-紅肉,H4,17.0,13.9,三重區,241,15.2,15.0,3464.0,2013,11,10,6
511,葡萄柚-紅肉,H4,20.0,15.1,三重區,241,18.4,18.9,792.0,2013,11,12,1
512,葡萄柚-紅肉,H4,18.9,13.0,三重區,241,15.9,15.8,2412.0,2013,11,13,2
513,葡萄柚-紅肉,H4,17.2,16.2,三重區,241,16.9,17.0,4630.0,2013,11,14,3
514,葡萄柚-紅肉,H4,16.4,13.0,三重區,241,14.7,14.7,1066.0,2013,11,15,4
515,葡萄柚-紅肉,H4,18.0,13.1,三重區,241,16.3,16.8,6467.0,2013,11,16,5
516,葡萄柚-紅肉,H4,13.0,13.0,三重區,241,13.0,13.0,1320.0,2013,11,17,6
517,葡萄柚-紅肉,H4,18.0,16.0,三重區,241,16.9,16.8,1598.0,2013,11,19,1
518,葡萄柚-紅肉,H4,15.0,15.0,三重區,241,15.0,15.0,984.0,2013,11,20,2
519,葡萄柚-紅肉,H4,18.0,12.0,三重區,241,14.5,14.1,1198.0,2013,11,21,3
520,葡萄柚-紅肉,H4,17.3,15.0,三重區,241,15.9,15.8,1019.0,2013,11,22,4
521,葡萄柚-紅肉,H4,18.0,14.6,三重區,241,16.5,16.7,4654.0,2013,11,23,5
522,葡萄柚-紅肉,H4,19.8,15.0,三重區,241,16.4,15.8,1276.0,2013,11,24,6
523,葡萄柚-紅肉,H4,18.4,16.4,三重區,241,17.8,18.0,996.0,2013,11,26,1
524,葡萄柚-紅肉,H4,18.0,15.0,三重區,241,16.0,15.7,1297.0,2013,11,27,2
525,葡萄柚-紅肉,H4,15.0,15.0,三重區,241,15.0,15.0,60.0,2013,11,28,3
526,葡萄柚-紅肉,H4,17.6,16.7,三重區,241,17.1,17.0,4000.0,2013,11,29,4
527,葡萄柚-紅肉,H4,20.0,15.0,三重區,241,17.8,18.0,1958.0,2013,11,30,5
528,葡萄柚-紅肉,H4,18.0,13.6,三重區,241,16.2,16.5,1326.0,2013,12,1,6
529,葡萄柚-紅肉,H4,17.8,14.7,三重區,241,16.1,16.0,5981.0,2013,12,3,1
530,葡萄柚-紅肉,H4,20.0,9.8,三重區,241,15.0,15.1,1306.0,2013,12,4,2
531,葡萄柚-紅肉,H4,16.0,10.0,三重區,241,13.5,13.8,420.0,2013,12,5,3
532,葡萄柚-紅肉,H4,18.0,9.6,三重區,241,14.9,15.7,1806.0,2013,12,6,4
533,葡萄柚-紅肉,H4,19.3,9.4,三重區,241,15.0,15.5,1307.0,2013,12,7,5
534,葡萄柚-紅肉,H4,17.4,6.1,三重區,241,13.3,14.3,630.0,2013,12,8,6
535,葡萄柚-紅肉,H4,19.5,6.7,三重區,241,13.4,13.6,3192.0,2013,12,10,1
536,葡萄柚-紅肉,H4,16.4,12.7,三重區,241,14.7,14.9,5044.0,2013,12,11,2
537,葡萄柚-紅肉,H4,18.6,9.8,三重區,241,13.9,13.7,1587.0,2013,12,12,3
538,葡萄柚-紅肉,H4,18.0,8.9,三重區,241,14.5,15.1,179.0,2013,12,13,4
539,葡萄柚-紅肉,H4,16.6,13.1,三重區,241,15.1,15.2,2108.0,2013,12,14,5
540,葡萄柚-紅肉,H4,15.5,9.3,三重區,241,12.5,12.5,2284.0,2013,12,15,6
541,葡萄柚-紅肉,H4,18.6,8.3,三重區,241,13.3,13.2,4992.0,2013,12,17,1
542,葡萄柚-紅肉,H4,12.0,5.8,三重區,241,10.2,11.1,721.0,2013,12,18,2
543,葡萄柚-紅肉,H4,6.0,6.0,三重區,241,6.0,6.0,1194.0,2013,12,19,3
544,葡萄柚-紅肉,H4,10.0,6.0,三重區,241,8.7,9.2,132.0,2013,12,20,4
545,葡萄柚-紅肉,H4,10.0,8.3,三重區,241,9.7,10.0,3228.0,2013,12,21,5
546,葡萄柚-紅肉,H4,10.0,10.0,三重區,241,10.0,10.0,2652.0,2013,12,22,6
547,葡萄柚-紅肉,H4,10.0,8.0,三重區,241,9.5,9.8,2183.0,2013,12,24,1
548,葡萄柚-紅肉,H4,10.2,6.8,三重區,241,9.3,9.9,4430.0,2013,12,25,2
549,葡萄柚-紅肉,H4,11.4,8.0,三重區,241,9.0,8.5,1426.0,2013,12,26,3
550,葡萄柚-紅肉,H4,10.0,10.0,三重區,241,10.0,10.0,1228.0,2013,12,27,4
551,葡萄柚-紅肉,H4,12.0,12.0,三重區,241,12.0,12.0,1429.0,2013,12,28,5
552,葡萄柚-紅肉,H4,12.0,10.0,三重區,241,11.2,11.3,1892.0,2013,12,29,6
553,葡萄柚-紅肉,H4,13.0,12.4,三重區,241,12.9,13.0,2594.0,2013,12,31,1
554,葡萄柚-紅肉,H4,11.9,10.0,三重區,241,10.4,10.0,4434.0,2014,1,1,2
555,葡萄柚-紅肉,H4,12.0,12.0,三重區,241,12.0,12.0,1208.0,2014,1,2,3
556,葡萄柚-紅肉,H4,15.4,10.5,三重區,241,13.5,13.9,1040.0,2014,1,3,4
557,葡萄柚-紅肉,H4,13.4,8.0,三重區,241,11.8,12.6,2357.0,2014,1,4,5
558,葡萄柚-紅肉,H4,12.2,7.9,三重區,241,10.8,11.2,1139.0,2014,1,5,6
559,葡萄柚-紅肉,H4,13.6,8.8,三重區,241,11.2,11.1,1772.0,2014,1,7,1
560,葡萄柚-紅肉,H4,12.8,8.0,三重區,241,10.1,10.0,3811.0,2014,1,8,2
561,葡萄柚-紅肉,H4,13.4,9.4,三重區,241,11.6,11.8,696.0,2014,1,9,3
562,葡萄柚-紅肉,H4,12.0,12.0,三重區,241,12.0,12.0,513.0,2014,1,10,4
563,葡萄柚-紅肉,H4,10.0,8.0,三重區,241,8.6,8.3,1164.0,2014,1,11,5
564,葡萄柚-紅肉,H4,12.3,10.0,三重區,241,10.7,10.4,3494.0,2014,1,12,6
565,葡萄柚-紅肉,H4,15.0,11.5,三重區,241,13.9,14.4,2795.0,2014,1,14,1
566,葡萄柚-紅肉,H4,15.1,9.9,三重區,241,12.8,13.1,4582.0,2014,1,15,2
567,葡萄柚-紅肉,H4,12.0,9.0,三重區,241,9.6,9.1,1748.0,2014,1,16,3
568,葡萄柚-紅肉,H4,11.3,7.3,三重區,241,9.6,9.9,348.0,2014,1,17,4
569,葡萄柚-紅肉,H4,12.2,8.7,三重區,241,10.5,10.6,2161.0,2014,1,18,5
570,葡萄柚-紅肉,H4,12.0,7.2,三重區,241,10.3,10.8,1096.0,2014,1,19,6
571,葡萄柚-紅肉,H4,12.0,9.3,三重區,241,10.3,10.1,4539.0,2014,1,21,1
572,葡萄柚-紅肉,H4,12.0,7.9,三重區,241,10.0,10.0,1379.0,2014,1,22,2
573,葡萄柚-紅肉,H4,12.0,5.7,三重區,241,10.0,10.8,652.0,2014,1,23,3
574,葡萄柚-紅肉,H4,12.0,8.5,三重區,241,10.6,10.8,1312.0,2014,1,24,4
575,葡萄柚-紅肉,H4,12.0,9.6,三重區,241,10.5,10.2,1394.0,2014,1,25,5
576,葡萄柚-紅肉,H4,11.2,9.5,三重區,241,10.2,10.0,2448.0,2014,1,26,6
577,葡萄柚-紅肉,H4,12.0,8.3,三重區,241,10.9,11.5,640.0,2014,1,27,0
578,葡萄柚-紅肉,H4,12.0,8.9,三重區,241,11.4,12.0,1080.0,2014,1,28,1
579,葡萄柚-紅肉,H4,12.0,9.5,三重區,241,11.5,12.0,1764.0,2014,1,29,2
580,葡萄柚-紅肉,H4,12.0,10.2,三重區,241,11.7,12.0,1112.0,2014,2,5,2
581,葡萄柚-紅肉,H4,12.0,8.0,三重區,241,10.2,10.3,3758.0,2014,2,6,3
582,葡萄柚-紅肉,H4,12.0,5.9,三重區,241,8.7,8.6,5073.0,2014,2,7,4
583,葡萄柚-紅肉,H4,11.5,8.9,三重區,241,10.1,10.0,4914.0,2014,2,8,5
584,葡萄柚-紅肉,H4,12.0,6.3,三重區,241,9.2,9.3,764.0,2014,2,9,6
585,葡萄柚-紅肉,H4,10.0,8.0,三重區,241,9.3,9.5,505.0,2014,2,11,1
586,葡萄柚-紅肉,H4,10.0,8.0,三重區,241,8.8,8.7,1014.0,2014,2,12,2
587,葡萄柚-紅肉,H4,9.1,7.9,三重區,241,8.2,8.0,4408.0,2014,2,13,3
588,葡萄柚-紅肉,H4,10.0,10.0,三重區,241,10.0,10.0,264.0,2014,2,14,4
589,葡萄柚-紅肉,H4,10.0,8.0,三重區,241,8.7,8.5,3811.0,2014,2,18,1
590,葡萄柚-紅肉,H4,10.0,10.0,三重區,241,10.0,10.0,688.0,2014,2,19,2
591,葡萄柚-紅肉,H4,9.8,8.0,三重區,241,8.8,8.8,3294.0,2014,2,20,3
592,葡萄柚-紅肉,H4,10.0,10.0,三重區,241,10.0,10.0,404.0,2014,2,21,4
593,葡萄柚-紅肉,H4,16.3,11.7,三重區,241,12.8,12.0,763.0,2014,2,22,5
594,葡萄柚-紅肉,H4,18.0,10.0,三重區,241,12.8,11.9,601.0,2014,2,23,6
595,葡萄柚-紅肉,H4,17.8,11.7,三重區,241,14.6,14.5,3912.0,2014,2,25,1
596,葡萄柚-紅肉,H4,15.4,12.0,三重區,241,13.9,14.0,4091.0,2014,2,26,2
597,葡萄柚-紅肉,H4,17.4,15.0,三重區,241,15.5,15.0,1732.0,2014,2,27,3
598,葡萄柚-紅肉,H4,17.1,12.0,三重區,241,14.5,14.5,5270.0,2014,2,28,4
599,葡萄柚-紅肉,H4,17.5,13.0,三重區,241,15.0,14.8,2451.0,2014,3,1,5
600,葡萄柚-紅肉,H4,16.0,16.0,三重區,241,16.0,16.0,571.0,2014,3,2,6
601,葡萄柚-紅肉,H4,15.9,14.0,三重區,241,14.4,14.0,2738.0,2014,3,4,1
602,葡萄柚-紅肉,H4,16.0,14.0,三重區,241,14.9,14.8,606.0,2014,3,5,2
603,葡萄柚-紅肉,H4,15.0,15.0,三重區,241,15.0,15.0,200.0,2014,3,6,3
604,葡萄柚-紅肉,H4,13.9,12.0,三重區,241,12.6,12.3,1036.0,2014,3,7,4
605,葡萄柚-紅肉,H4,14.3,12.0,三重區,241,12.5,12.0,2614.0,2014,3,8,5
606,葡萄柚-紅肉,H4,12.0,12.0,三重區,241,12.0,12.0,180.0,2014,3,9,6
607,葡萄柚-紅肉,H4,15.0,13.0,三重區,241,14.3,14.5,957.0,2014,3,11,1
608,葡萄柚-紅肉,H4,15.7,12.0,三重區,241,13.4,13.0,2643.0,2014,3,12,2
609,葡萄柚-紅肉,H4,17.2,12.0,三重區,241,15.0,15.3,1501.0,2014,3,13,3
610,葡萄柚-紅肉,H4,15.7,13.1,三重區,241,14.8,15.0,2738.0,2014,3,14,4
611,葡萄柚-紅肉,H4,17.3,12.0,三重區,241,14.6,14.5,1007.0,2014,3,15,5
612,葡萄柚-紅肉,H4,19.9,15.0,三重區,241,16.0,15.0,771.0,2014,3,16,6
613,葡萄柚-紅肉,H4,17.6,12.0,三重區,241,14.0,13.5,2360.0,2014,3,18,1
614,葡萄柚-紅肉,H4,22.8,12.0,三重區,241,16.4,15.7,1043.0,2014,3,19,2
615,葡萄柚-紅肉,H4,19.0,15.6,三重區,241,17.8,18.2,1059.0,2014,3,20,3
616,葡萄柚-紅肉,H4,15.0,12.0,三重區,241,14.4,15.0,1166.0,2014,3,21,4
617,葡萄柚-紅肉,H4,15.0,15.0,三重區,241,15.0,15.0,36.0,2014,3,22,5
618,葡萄柚-紅肉,H4,15.0,15.0,三重區,241,15.0,15.0,144.0,2014,3,23,6
619,葡萄柚-紅肉,H4,16.5,14.0,三重區,241,14.7,14.3,1195.0,2014,3,25,1
620,葡萄柚-紅肉,H4,20.1,15.0,三重區,241,16.0,15.0,1551.0,2014,3,26,2
621,葡萄柚-紅肉,H4,19.7,11.7,三重區,241,15.1,14.8,967.0,2014,3,27,3
622,葡萄柚-紅肉,H4,19.0,13.0,三重區,241,14.3,13.2,2086.0,2014,3,28,4
623,葡萄柚-紅肉,H4,22.9,20.0,三重區,241,20.6,20.0,945.0,2014,3,29,5
624,葡萄柚-紅肉,H4,20.3,15.3,三重區,241,18.0,18.0,1481.0,2014,3,30,6
625,葡萄柚-紅肉,H4,16.0,14.0,三重區,241,14.5,14.2,1030.0,2014,4,1,1
626,葡萄柚-紅肉,H4,17.0,16.0,三重區,241,16.7,16.8,860.0,2014,4,2,2
627,葡萄柚-紅肉,H4,17.4,13.0,三重區,241,14.1,13.4,1152.0,2014,4,3,3
628,葡萄柚-紅肉,H4,13.0,12.0,三重區,241,12.2,12.1,1024.0,2014,4,4,4
629,葡萄柚-紅肉,H4,16.0,14.0,三重區,241,14.6,14.3,785.0,2014,4,8,1
630,葡萄柚-紅肉,H4,12.0,12.0,三重區,241,12.0,12.0,275.0,2014,4,9,2
631,葡萄柚-紅肉,H4,13.0,12.0,三重區,241,12.7,12.9,960.0,2014,4,10,3
632,葡萄柚-紅肉,H4,30.0,13.0,三重區,241,18.8,17.0,420.0,2014,4,11,4
633,葡萄柚-紅肉,H4,20.0,18.0,三重區,241,19.0,18.9,2792.0,2014,4,12,5
634,葡萄柚-紅肉,H4,23.0,20.0,三重區,241,22.1,22.5,800.0,2014,4,13,6
635,葡萄柚-紅肉,H4,22.0,22.0,三重區,241,22.0,22.0,300.0,2014,4,15,1
636,葡萄柚-紅肉,H4,23.0,23.0,三重區,241,23.0,23.0,120.0,2014,4,16,2
637,葡萄柚-紅肉,H4,20.0,20.0,三重區,241,20.0,20.0,176.0,2014,4,17,3
638,葡萄柚-紅肉,H4,18.0,18.0,三重區,241,18.0,18.0,720.0,2014,4,22,1
639,葡萄柚-紅肉,H4,23.0,23.0,三重區,241,23.0,23.0,768.0,2014,4,23,2
640,葡萄柚-紅肉,H4,30.0,20.0,三重區,241,26.8,28.0,280.0,2014,4,25,4
641,葡萄柚-紅肉,H4,20.0,20.0,三重區,241,20.0,20.0,168.0,2014,4,26,5
642,葡萄柚-紅肉,H4,30.0,26.3,三重區,241,28.8,29.2,162.0,2014,4,29,1
643,葡萄柚-紅肉,H4,28.0,23.0,三重區,241,25.7,25.9,176.0,2014,4,30,2
644,葡萄柚-紅肉,H4,20.0,20.0,三重區,241,20.0,20.0,242.0,2014,5,2,4
645,葡萄柚-紅肉,H4,22.0,18.0,三重區,241,19.4,19.0,1650.0,2014,5,3,5
646,葡萄柚-紅肉,H4,18.0,18.0,三重區,241,18.0,18.0,990.0,2014,5,6,1
647,葡萄柚-紅肉,H4,22.0,22.0,三重區,241,22.0,22.0,336.0,2014,5,10,5
648,葡萄柚-紅肉,H4,22.0,22.0,三重區,241,22.0,22.0,252.0,2014,5,11,6
649,葡萄柚-紅肉,H4,23.0,22.2,三重區,241,22.9,23.0,1416.0,2014,5,13,1
650,葡萄柚-紅肉,H4,16.0,16.0,三重區,241,16.0,16.0,380.0,2014,5,14,2
651,葡萄柚-紅肉,H4,22.0,18.0,三重區,241,19.6,19.4,1629.0,2014,5,15,3
652,葡萄柚-紅肉,H4,20.0,20.0,三重區,241,20.0,20.0,1122.0,2014,5,16,4
653,葡萄柚-紅肉,H4,20.0,20.0,三重區,241,20.0,20.0,456.0,2014,5,17,5
654,葡萄柚-紅肉,H4,22.0,22.0,三重區,241,22.0,22.0,200.0,2014,5,18,6
655,葡萄柚-紅肉,H4,18.0,16.0,三重區,241,16.7,16.4,2652.0,2014,5,20,1
656,葡萄柚-紅肉,H4,18.0,18.0,三重區,241,18.0,18.0,667.0,2014,5,23,4
657,葡萄柚-紅肉,H4,15.8,15.0,三重區,241,15.2,15.0,1368.0,2014,5,27,1
658,葡萄柚-紅肉,H4,14.0,14.0,三重區,241,14.0,14.0,1200.0,2014,5,28,2
659,葡萄柚-紅肉,H4,18.0,18.0,三重區,241,18.0,18.0,420.0,2014,5,30,4
660,葡萄柚-紅肉,H4,6.0,6.0,三重區,241,6.0,6.0,10.0,2014,6,1,6
661,葡萄柚-紅肉,H4,15.0,15.0,三重區,241,15.0,15.0,306.0,2014,6,2,0
662,葡萄柚-紅肉,H4,16.0,16.0,三重區,241,16.0,16.0,280.0,2014,6,7,5
663,葡萄柚-紅肉,H4,17.8,15.0,三重區,241,15.6,15.0,656.0,2014,6,10,1
664,葡萄柚-紅肉,H4,15.0,15.0,三重區,241,15.0,15.0,440.0,2014,6,11,2
665,葡萄柚-紅肉,H4,15.0,15.0,三重區,241,15.0,15.0,360.0,2014,6,12,3
666,葡萄柚-紅肉,H4,18.0,18.0,三重區,241,18.0,18.0,320.0,2014,6,17,1
667,葡萄柚-紅肉,H4,16.0,16.0,三重區,241,16.0,16.0,506.0,2014,6,18,2
668,葡萄柚-紅肉,H4,14.0,14.0,三重區,241,14.0,14.0,525.0,2014,6,19,3
669,葡萄柚-紅肉,H4,15.0,15.0,三重區,241,15.0,15.0,357.0,2014,6,24,1
670,葡萄柚-紅肉,H4,15.0,15.0,三重區,241,15.0,15.0,672.0,2014,6,25,2
671,葡萄柚-紅肉,H4,17.0,17.0,三重區,241,17.0,17.0,320.0,2014,6,26,3
672,葡萄柚-紅肉,H4,20.0,20.0,三重區,241,20.0,20.0,160.0,2014,6,27,4
673,葡萄柚-紅肉,H4,8.0,8.0,三重區,241,8.0,8.0,1704.0,2014,7,1,1
674,葡萄柚-紅肉,H4,20.0,20.0,三重區,241,20.0,20.0,108.0,2014,7,3,3
675,葡萄柚-紅肉,H4,20.0,20.0,三重區,241,20.0,20.0,160.0,2014,7,4,4
676,葡萄柚-紅肉,H4,17.0,17.0,三重區,241,17.0,17.0,308.0,2014,7,8,1
677,葡萄柚-紅肉,H4,17.8,17.0,三重區,241,17.2,17.0,810.0,2014,7,9,2
678,葡萄柚-紅肉,H4,12.0,12.0,三重區,241,12.0,12.0,640.0,2014,7,10,3
679,葡萄柚-紅肉,H4,12.0,12.0,三重區,241,12.0,12.0,160.0,2014,7,15,1
680,葡萄柚-紅肉,H4,18.0,18.0,三重區,241,18.0,18.0,440.0,2014,7,23,2
681,葡萄柚-紅肉,H4,17.0,15.0,三重區,241,16.0,16.0,660.0,2014,7,25,4
682,葡萄柚-紅肉,H4,15.0,15.0,三重區,241,15.0,15.0,327.0,2014,7,26,5
683,葡萄柚-紅肉,H4,13.4,5.0,三重區,241,8.0,7.1,2826.0,2014,7,27,6
684,葡萄柚-紅肉,H4,10.9,5.0,三重區,241,6.7,5.9,2300.0,2014,7,29,1
685,葡萄柚-紅肉,H4,10.0,10.0,三重區,241,10.0,10.0,300.0,2014,7,30,2
686,葡萄柚-紅肉,H4,12.0,12.0,三重區,241,12.0,12.0,208.0,2014,7,31,3
687,葡萄柚-紅肉,H4,14.0,14.0,三重區,241,14.0,14.0,592.0,2014,8,1,4
688,葡萄柚-紅肉,H4,15.0,12.0,三重區,241,12.7,12.2,752.0,2014,8,2,5
689,葡萄柚-紅肉,H4,18.0,15.0,三重區,241,16.5,16.4,450.0,2014,8,3,6
690,葡萄柚-紅肉,H4,16.0,14.1,三重區,241,15.2,15.3,812.0,2014,8,5,1
691,葡萄柚-紅肉,H4,17.1,15.0,三重區,241,15.4,15.0,915.0,2014,8,6,2
692,葡萄柚-紅肉,H4,15.0,15.0,三重區,241,15.0,15.0,886.0,2014,8,7,3
693,葡萄柚-紅肉,H4,15.5,13.0,三重區,241,14.7,15.0,1732.0,2014,8,8,4
694,葡萄柚-紅肉,H4,18.4,14.5,三重區,241,16.0,15.7,1696.0,2014,8,9,5
695,葡萄柚-紅肉,H4,16.2,15.0,三重區,241,15.2,15.0,1370.0,2014,8,10,6
696,葡萄柚-紅肉,H4,18.0,16.0,三重區,241,16.6,16.3,847.0,2014,8,13,2
697,葡萄柚-紅肉,H4,18.0,15.0,三重區,241,15.7,15.2,752.0,2014,8,14,3
698,葡萄柚-紅肉,H4,18.0,15.0,三重區,241,16.4,16.4,796.0,2014,8,15,4
699,葡萄柚-紅肉,H4,19.0,16.0,三重區,241,16.8,16.3,1818.0,2014,8,16,5
700,葡萄柚-紅肉,H4,18.0,16.0,三重區,241,17.5,17.8,354.0,2014,8,17,6
701,葡萄柚-紅肉,H4,15.9,15.0,三重區,241,15.2,15.0,2262.0,2014,8,19,1
702,葡萄柚-紅肉,H4,18.0,13.0,三重區,241,15.5,15.4,458.0,2014,8,20,2
703,葡萄柚-紅肉,H4,20.2,12.7,三重區,241,16.2,16.0,1146.0,2014,8,21,3
704,葡萄柚-紅肉,H4,24.5,16.9,三重區,241,19.2,18.2,999.0,2014,8,22,4
705,葡萄柚-紅肉,H4,23.6,12.0,三重區,241,17.7,17.6,2601.0,2014,8,23,5
706,葡萄柚-紅肉,H4,27.1,16.6,三重區,241,20.4,19.3,2284.0,2014,8,24,6
707,葡萄柚-紅肉,H4,27.5,18.0,三重區,241,21.8,21.1,1511.0,2014,8,26,1
708,葡萄柚-紅肉,H4,26.9,12.0,三重區,241,16.9,15.2,1246.0,2014,8,27,2
709,葡萄柚-紅肉,H4,28.2,16.8,三重區,241,21.2,20.3,1459.0,2014,8,28,3
710,葡萄柚-紅肉,H4,26.3,10.3,三重區,241,17.8,17.4,2734.0,2014,8,29,4
711,葡萄柚-紅肉,H4,28.4,14.0,三重區,241,19.9,19.0,1366.0,2014,8,30,5
712,葡萄柚-紅肉,H4,29.5,23.0,三重區,241,26.0,25.7,695.0,2014,8,31,6
713,葡萄柚-紅肉,H4,25.9,16.2,三重區,241,19.7,18.8,3640.0,2014,9,2,1
714,葡萄柚-紅肉,H4,25.8,18.0,三重區,241,21.5,21.2,2374.0,2014,9,3,2
715,葡萄柚-紅肉,H4,24.9,16.6,三重區,241,20.1,19.6,3134.0,2014,9,4,3
716,葡萄柚-紅肉,H4,24.6,15.1,三重區,241,19.3,19.0,4213.0,2014,9,5,4
717,葡萄柚-紅肉,H4,26.0,16.8,三重區,241,20.9,20.6,2765.0,2014,9,6,5
718,葡萄柚-紅肉,H4,23.5,13.5,三重區,241,18.8,19.0,3220.0,2014,9,7,6
719,葡萄柚-紅肉,H4,26.0,22.4,三重區,241,24.5,24.7,788.0,2014,9,8,0
720,葡萄柚-紅肉,H4,20.9,16.6,三重區,241,18.7,18.6,2799.0,2014,9,11,3
721,葡萄柚-紅肉,H4,20.0,16.5,三重區,241,18.2,18.2,3022.0,2014,9,12,4
722,葡萄柚-紅肉,H4,23.8,11.2,三重區,241,18.2,18.6,3530.0,2014,9,13,5
723,葡萄柚-紅肉,H4,23.3,14.7,三重區,241,17.4,16.3,2780.0,2014,9,14,6
724,葡萄柚-紅肉,H4,30.4,12.0,三重區,241,18.6,16.9,6089.0,2014,9,16,1
725,葡萄柚-紅肉,H4,26.8,16.1,三重區,241,20.8,20.3,3030.0,2014,9,17,2
726,葡萄柚-紅肉,H4,21.4,15.4,三重區,241,18.4,18.3,3613.0,2014,9,18,3
727,葡萄柚-紅肉,H4,26.6,14.7,三重區,241,18.9,17.6,3699.0,2014,9,19,4
728,葡萄柚-紅肉,H4,26.1,12.7,三重區,241,19.0,18.7,4174.0,2014,9,20,5
729,葡萄柚-紅肉,H4,30.2,9.7,三重區,241,18.1,16.9,4821.0,2014,9,21,6
730,葡萄柚-紅肉,H4,22.7,14.8,三重區,241,17.8,17.2,5345.0,2014,9,23,1
731,葡萄柚-紅肉,H4,24.8,14.5,三重區,241,17.9,16.7,7107.0,2014,9,24,2
732,葡萄柚-紅肉,H4,26.0,11.3,三重區,241,17.3,16.4,4856.0,2014,9,25,3
733,葡萄柚-紅肉,H4,15.7,13.0,三重區,241,14.1,14.0,3808.0,2014,9,26,4
734,葡萄柚-紅肉,H4,15.4,12.0,三重區,241,13.7,13.7,2357.0,2014,9,27,5
735,葡萄柚-紅肉,H4,27.4,13.5,三重區,241,19.8,19.3,4341.0,2014,9,28,6
736,葡萄柚-紅肉,H4,32.5,21.9,三重區,241,25.9,25.0,5733.0,2014,9,30,1
737,葡萄柚-紅肉,H4,30.4,13.4,三重區,241,19.0,17.1,3680.0,2014,10,1,2
738,葡萄柚-紅肉,H4,38.0,16.6,三重區,241,32.2,35.5,594.0,2014,10,2,3
739,葡萄柚-紅肉,H4,44.6,20.3,三重區,241,34.3,35.5,504.0,2014,10,3,4
740,葡萄柚-紅肉,H4,37.2,22.9,三重區,241,28.5,27.4,1836.0,2014,10,4,5
741,葡萄柚-紅肉,H4,34.3,14.0,三重區,241,23.5,23.1,2146.0,2014,10,5,6
742,葡萄柚-紅肉,H4,24.2,13.9,三重區,241,19.0,18.9,3353.0,2014,10,7,1
743,葡萄柚-紅肉,H4,17.0,14.5,三重區,241,16.5,17.0,1195.0,2014,10,8,2
744,葡萄柚-紅肉,H4,15.0,12.0,三重區,241,13.3,13.1,1126.0,2014,10,9,3
745,葡萄柚-紅肉,H4,34.0,9.8,三重區,241,20.6,19.7,1595.0,2014,10,10,4
746,葡萄柚-紅肉,H4,25.9,14.9,三重區,241,21.0,21.4,1964.0,2014,10,11,5
747,葡萄柚-紅肉,H4,15.4,13.0,三重區,241,14.5,14.7,678.0,2014,10,12,6
748,葡萄柚-紅肉,H4,30.3,14.2,三重區,241,18.8,16.5,3349.0,2014,10,14,1
749,葡萄柚-紅肉,H4,31.6,14.0,三重區,241,20.3,18.6,2688.0,2014,10,15,2
750,葡萄柚-紅肉,H4,30.6,17.6,三重區,241,24.5,24.8,1381.0,2014,10,16,3
751,葡萄柚-紅肉,H4,27.2,18.3,三重區,241,22.0,21.4,3908.0,2014,10,17,4
752,葡萄柚-紅肉,H4,26.3,16.1,三重區,241,20.1,19.4,1859.0,2014,10,18,5
753,葡萄柚-紅肉,H4,31.0,12.1,三重區,241,21.2,20.9,1931.0,2014,10,19,6
754,葡萄柚-紅肉,H4,26.6,14.0,三重區,241,18.8,17.8,5737.0,2014,10,21,1
755,葡萄柚-紅肉,H4,30.4,19.0,三重區,241,25.6,26.2,1875.0,2014,10,22,2
756,葡萄柚-紅肉,H4,25.9,17.8,三重區,241,20.9,20.2,4586.0,2014,10,23,3
757,葡萄柚-紅肉,H4,31.2,17.8,三重區,241,22.4,21.0,1767.0,2014,10,24,4
758,葡萄柚-紅肉,H4,24.1,15.3,三重區,241,19.0,18.6,2687.0,2014,10,25,5
759,葡萄柚-紅肉,H4,30.0,18.0,三重區,241,24.6,24.9,484.0,2014,10,26,6
760,葡萄柚-紅肉,H4,22.3,11.2,三重區,241,16.2,15.9,2224.0,2014,10,28,1
761,葡萄柚-紅肉,H4,16.0,8.6,三重區,241,13.5,14.3,702.0,2014,10,29,2
762,葡萄柚-紅肉,H4,21.6,12.9,三重區,241,15.8,14.8,1375.0,2014,10,30,3
763,葡萄柚-紅肉,H4,18.0,14.4,三重區,241,16.3,16.4,440.0,2014,10,31,4
764,葡萄柚-紅肉,H4,25.0,15.0,三重區,241,19.4,19.0,582.0,2014,11,1,5
765,葡萄柚-紅肉,H4,22.0,14.5,三重區,241,17.8,17.5,530.0,2014,11,2,6
766,葡萄柚-紅肉,H4,15.0,12.0,三重區,241,13.3,13.2,1328.0,2014,11,4,1
767,葡萄柚-紅肉,H4,13.7,9.7,三重區,241,11.9,12.0,326.0,2014,11,5,2
768,葡萄柚-紅肉,H4,17.3,8.0,三重區,241,12.5,12.4,1950.0,2014,11,6,3
769,葡萄柚-紅肉,H4,15.0,7.8,三重區,241,12.5,13.3,1872.0,2014,11,7,4
770,葡萄柚-紅肉,H4,20.0,13.6,三重區,241,16.7,16.7,1492.0,2014,11,8,5
771,葡萄柚-紅肉,H4,22.6,6.5,三重區,241,12.4,11.0,810.0,2014,11,9,6
772,葡萄柚-紅肉,H4,30.0,11.0,三重區,241,19.3,18.4,2781.0,2014,11,11,1
773,葡萄柚-紅肉,H4,15.0,8.2,三重區,241,12.1,12.5,578.0,2014,11,12,2
774,葡萄柚-紅肉,H4,15.0,13.0,三重區,241,14.0,14.0,1392.0,2014,11,13,3
775,葡萄柚-紅肉,H4,15.8,10.5,三重區,241,13.1,13.0,682.0,2014,11,14,4
776,葡萄柚-紅肉,H4,13.0,6.9,三重區,241,11.4,12.3,1368.0,2014,11,15,5
777,葡萄柚-紅肉,H4,15.0,12.0,三重區,241,14.3,14.9,388.0,2014,11,16,6
778,葡萄柚-紅肉,H4,15.0,12.7,三重區,241,13.8,13.8,2682.0,2014,11,18,1
779,葡萄柚-紅肉,H4,15.0,14.2,三重區,241,14.9,15.0,812.0,2014,11,19,2
780,葡萄柚-紅肉,H4,15.0,13.0,三重區,241,13.4,13.1,1034.0,2014,11,20,3
781,葡萄柚-紅肉,H4,13.1,11.8,三重區,241,12.8,13.0,2301.0,2014,11,21,4
782,葡萄柚-紅肉,H4,12.0,8.8,三重區,241,11.4,12.0,810.0,2014,11,22,5
783,葡萄柚-紅肉,H4,15.0,8.0,三重區,241,12.1,12.5,580.0,2014,11,23,6
784,葡萄柚-紅肉,H4,15.0,9.5,三重區,241,12.3,12.3,4144.0,2014,11,25,1
785,葡萄柚-紅肉,H4,13.0,12.0,三重區,241,12.8,13.0,1732.0,2014,11,26,2
786,葡萄柚-紅肉,H4,15.0,15.0,三重區,241,15.0,15.0,190.0,2014,11,27,3
787,葡萄柚-紅肉,H4,17.2,8.3,三重區,241,13.0,13.2,1858.0,2014,11,28,4
788,葡萄柚-紅肉,H4,13.0,4.5,三重區,241,11.0,12.5,1320.0,2014,11,29,5
789,葡萄柚-紅肉,H4,15.0,15.0,三重區,241,15.0,15.0,234.0,2014,11,30,6
790,葡萄柚-紅肉,H4,15.0,6.6,三重區,241,11.6,12.1,1227.0,2014,12,2,1
791,葡萄柚-紅肉,H4,12.0,12.0,三重區,241,12.0,12.0,190.0,2014,12,3,2
792,葡萄柚-紅肉,H4,14.2,11.7,三重區,241,12.4,12.0,977.0,2014,12,4,3
793,葡萄柚-紅肉,H4,13.0,13.0,三重區,241,13.0,13.0,1436.0,2014,12,5,4
794,葡萄柚-紅肉,H4,15.0,12.0,三重區,241,13.8,13.9,606.0,2014,12,6,5
795,葡萄柚-紅肉,H4,12.0,12.0,三重區,241,12.0,12.0,270.0,2014,12,7,6
796,葡萄柚-紅肉,H4,22.6,12.0,三重區,241,14.3,12.4,2938.0,2014,12,9,1
797,葡萄柚-紅肉,H4,15.0,12.0,三重區,241,13.3,13.2,1122.0,2014,12,10,2
798,葡萄柚-紅肉,H4,12.0,12.0,三重區,241,12.0,12.0,978.0,2014,12,11,3
799,葡萄柚-紅肉,H4,13.8,12.0,三重區,241,12.4,12.0,340.0,2014,12,12,4
800,葡萄柚-紅肉,H4,14.5,12.0,三重區,241,13.0,12.8,956.0,2014,12,13,5
801,葡萄柚-紅肉,H4,17.2,10.0,三重區,241,12.9,12.5,598.0,2014,12,14,6
802,葡萄柚-紅肉,H4,18.8,10.0,三重區,241,12.2,10.7,2286.0,2014,12,16,1
803,葡萄柚-紅肉,H4,16.5,11.1,三重區,241,13.8,13.7,1784.0,2014,12,17,2
804,葡萄柚-紅肉,H4,17.3,12.0,三重區,241,14.7,14.8,875.0,2014,12,18,3
805,葡萄柚-紅肉,H4,16.5,11.8,三重區,241,13.2,12.6,1891.0,2014,12,19,4
806,葡萄柚-紅肉,H4,14.0,9.9,三重區,241,12.3,12.5,3668.0,2014,12,20,5
807,葡萄柚-紅肉,H4,14.0,10.6,三重區,241,12.1,12.0,3473.0,2014,12,23,1
808,葡萄柚-紅肉,H4,10.0,8.7,三重區,241,9.8,10.0,156.0,2014,12,24,2
809,葡萄柚-紅肉,H4,14.9,10.3,三重區,241,12.4,12.3,1442.0,2014,12,25,3
810,葡萄柚-紅肉,H4,15.0,9.3,三重區,241,13.0,13.6,534.0,2014,12,26,4
811,葡萄柚-紅肉,H4,15.0,9.0,三重區,241,13.6,14.7,770.0,2014,12,27,5
812,葡萄柚-紅肉,H4,12.0,5.0,三重區,241,9.8,10.6,320.0,2014,12,28,6
813,葡萄柚-紅肉,H4,15.0,9.6,三重區,241,12.8,13.2,819.0,2014,12,30,1
814,葡萄柚-紅肉,H4,15.0,7.9,三重區,241,11.9,12.1,1108.0,2014,12,31,2
815,葡萄柚-紅肉,H4,14.2,6.2,三重區,241,11.0,11.5,381.0,2015,1,1,3
816,葡萄柚-紅肉,H4,12.7,9.3,三重區,241,11.6,12.0,2206.0,2015,1,2,4
817,葡萄柚-紅肉,H4,15.0,5.2,三重區,241,11.7,12.8,436.0,2015,1,3,5
818,葡萄柚-紅肉,H4,16.1,10.7,三重區,241,12.8,12.4,2671.0,2015,1,4,6
819,葡萄柚-紅肉,H4,15.0,8.9,三重區,241,13.5,14.5,1318.0,2015,1,6,1
820,葡萄柚-紅肉,H4,13.0,8.4,三重區,241,11.9,12.7,932.0,2015,1,7,2
821,葡萄柚-紅肉,H4,15.0,8.1,三重區,241,12.2,12.5,1084.0,2015,1,8,3
822,葡萄柚-紅肉,H4,15.0,6.1,三重區,241,12.0,12.9,553.0,2015,1,9,4
823,葡萄柚-紅肉,H4,15.0,6.5,三重區,241,11.5,12.0,390.0,2015,1,10,5
824,葡萄柚-紅肉,H4,14.1,9.9,三重區,241,12.5,12.8,1406.0,2015,1,11,6
825,葡萄柚-紅肉,H4,13.4,12.3,三重區,241,12.9,13.0,2635.0,2015,1,13,1
826,葡萄柚-紅肉,H4,13.1,9.6,三重區,241,12.3,12.9,1298.0,2015,1,14,2
827,葡萄柚-紅肉,H4,12.0,9.0,三重區,241,11.4,12.0,700.0,2015,1,15,3
828,葡萄柚-紅肉,H4,13.2,11.0,三重區,241,11.5,11.0,2599.0,2015,1,16,4
829,葡萄柚-紅肉,H4,15.0,5.7,三重區,241,10.5,10.6,1417.0,2015,1,17,5
830,葡萄柚-紅肉,H4,15.0,12.0,三重區,241,13.0,12.6,280.0,2015,1,18,6
831,葡萄柚-紅肉,H4,14.5,12.0,三重區,241,12.7,12.3,3274.0,2015,1,20,1
832,葡萄柚-紅肉,H4,15.3,13.0,三重區,241,14.1,14.0,1331.0,2015,1,21,2
833,葡萄柚-紅肉,H4,12.0,12.0,三重區,241,12.0,12.0,285.0,2015,1,23,4
834,葡萄柚-紅肉,H4,12.0,12.0,三重區,241,12.0,12.0,361.0,2015,1,24,5
835,葡萄柚-紅肉,H4,15.0,12.0,三重區,241,12.9,12.6,636.0,2015,1,25,6
836,葡萄柚-紅肉,H4,12.0,10.0,三重區,241,11.5,11.8,439.0,2015,1,27,1
837,葡萄柚-紅肉,H4,12.2,12.0,三重區,241,12.1,12.0,1742.0,2015,1,28,2
838,葡萄柚-紅肉,H4,15.0,13.0,三重區,241,14.0,14.0,1058.0,2015,1,29,3
839,葡萄柚-紅肉,H4,11.1,10.0,三重區,241,10.2,10.0,3386.0,2015,1,30,4
840,葡萄柚-紅肉,H4,15.0,15.0,三重區,241,15.0,15.0,1046.0,2015,1,31,5
841,葡萄柚-紅肉,H4,14.6,10.3,三重區,241,12.4,12.4,747.0,2015,2,1,6
842,葡萄柚-紅肉,H4,15.3,10.0,三重區,241,11.6,10.8,3144.0,2015,2,3,1
843,葡萄柚-紅肉,H4,15.0,15.0,三重區,241,15.0,15.0,285.0,2015,2,4,2
844,葡萄柚-紅肉,H4,18.6,10.0,三重區,241,12.9,12.0,494.0,2015,2,5,3
845,葡萄柚-紅肉,H4,15.0,12.7,三重區,241,13.6,13.5,1382.0,2015,2,6,4
846,葡萄柚-紅肉,H4,15.0,12.3,三重區,241,13.8,13.8,490.0,2015,2,7,5
847,葡萄柚-紅肉,H4,14.5,11.7,三重區,241,12.5,12.1,1444.0,2015,2,8,6
848,葡萄柚-紅肉,H4,13.1,10.0,三重區,241,10.8,10.3,2293.0,2015,2,10,1
849,葡萄柚-紅肉,H4,14.2,11.0,三重區,241,12.8,13.0,438.0,2015,2,11,2
850,葡萄柚-紅肉,H4,11.4,10.0,三重區,241,10.3,10.0,3103.0,2015,2,12,3
851,葡萄柚-紅肉,H4,13.7,13.0,三重區,241,13.2,13.0,483.0,2015,2,13,4
852,葡萄柚-紅肉,H4,14.5,10.0,三重區,241,11.1,10.4,501.0,2015,2,14,5
853,葡萄柚-紅肉,H4,12.7,10.0,三重區,241,11.5,11.6,3873.0,2015,2,15,6
854,葡萄柚-紅肉,H4,15.4,12.0,三重區,241,14.4,14.8,443.0,2015,2,16,0
855,葡萄柚-紅肉,H4,25.0,20.0,三重區,241,22.2,22.0,173.0,2015,2,17,1
856,葡萄柚-紅肉,H4,18.3,16.2,三重區,241,17.4,17.5,3906.0,2015,2,24,1
857,葡萄柚-紅肉,H4,15.0,13.0,三重區,241,14.5,14.8,506.0,2015,2,25,2
858,葡萄柚-紅肉,H4,15.0,12.0,三重區,241,12.6,12.1,1371.0,2015,2,26,3
859,葡萄柚-紅肉,H4,18.6,12.0,三重區,241,13.5,12.3,3618.0,2015,2,28,5
860,葡萄柚-紅肉,H4,15.0,12.4,三重區,241,14.1,14.4,902.0,2015,3,1,6
861,葡萄柚-紅肉,H4,13.4,10.4,三重區,241,12.0,12.0,4840.0,2015,3,3,1
862,葡萄柚-紅肉,H4,15.0,15.0,三重區,241,15.0,15.0,216.0,2015,3,4,2
863,葡萄柚-紅肉,H4,13.0,12.5,三重區,241,12.9,13.0,1738.0,2015,3,5,3
864,葡萄柚-紅肉,H4,12.0,12.0,三重區,241,12.0,12.0,285.0,2015,3,6,4
865,葡萄柚-紅肉,H4,13.2,12.0,三重區,241,12.3,12.0,3340.0,2015,3,10,1
866,葡萄柚-紅肉,H4,15.0,15.0,三重區,241,15.0,15.0,1124.0,2015,3,11,2
867,葡萄柚-紅肉,H4,15.0,15.0,三重區,241,15.0,15.0,90.0,2015,3,13,4
868,葡萄柚-紅肉,H4,22.0,15.0,三重區,241,17.4,16.7,259.0,2015,3,14,5
869,葡萄柚-紅肉,H4,25.0,12.0,三重區,241,17.6,17.0,670.0,2015,3,15,6
870,葡萄柚-紅肉,H4,17.7,11.2,三重區,241,14.3,14.3,4866.0,2015,3,17,1
871,葡萄柚-紅肉,H4,18.2,10.0,三重區,241,12.8,11.9,2619.0,2015,3,18,2
872,葡萄柚-紅肉,H4,20.2,14.6,三重區,241,16.9,16.6,1348.0,2015,3,19,3
873,葡萄柚-紅肉,H4,20.0,20.0,三重區,241,20.0,20.0,144.0,2015,3,20,4
874,葡萄柚-紅肉,H4,15.0,12.0,三重區,241,13.1,12.9,720.0,2015,3,21,5
875,葡萄柚-紅肉,H4,15.0,13.0,三重區,241,13.7,13.4,1032.0,2015,3,24,1
876,葡萄柚-紅肉,H4,13.0,12.0,三重區,241,12.3,12.2,3264.0,2015,3,26,3
877,葡萄柚-紅肉,H4,12.0,12.0,三重區,241,12.0,12.0,288.0,2015,3,27,4
878,葡萄柚-紅肉,H4,15.0,15.0,三重區,241,15.0,15.0,110.0,2015,3,29,6
879,葡萄柚-紅肉,H4,13.7,13.0,三重區,241,13.1,13.0,4428.0,2015,3,31,1
880,葡萄柚-紅肉,H4,25.6,12.0,三重區,241,19.2,19.5,326.0,2015,4,1,2
881,葡萄柚-紅肉,H4,17.0,8.3,三重區,241,11.8,11.2,1160.0,2015,4,2,3
882,葡萄柚-紅肉,H4,24.8,23.0,三重區,241,23.4,23.0,103.0,2015,4,3,4
883,葡萄柚-紅肉,H4,21.8,15.0,三重區,241,17.1,16.3,408.0,2015,4,4,5
884,葡萄柚-紅肉,H4,15.7,13.0,三重區,241,13.8,13.4,4404.0,2015,4,7,1
885,葡萄柚-紅肉,H4,15.0,12.0,三重區,241,13.4,13.3,532.0,2015,4,8,2
886,葡萄柚-紅肉,H4,18.0,18.0,三重區,241,18.0,18.0,198.0,2015,4,9,3
887,葡萄柚-紅肉,H4,15.0,15.0,三重區,241,15.0,15.0,304.0,2015,4,10,4
888,葡萄柚-紅肉,H4,16.5,14.3,三重區,241,15.2,15.0,3259.0,2015,4,11,5
889,葡萄柚-紅肉,H4,10.0,10.0,三重區,241,10.0,10.0,98.0,2015,4,14,1
890,葡萄柚-紅肉,H4,25.0,20.0,三重區,241,21.7,21.2,126.0,2015,4,15,2
891,葡萄柚-紅肉,H4,27.0,20.0,三重區,241,23.2,23.0,113.0,2015,4,16,3
892,葡萄柚-紅肉,H4,15.4,13.0,三重區,241,13.5,13.0,2276.0,2015,4,17,4
893,葡萄柚-紅肉,H4,20.0,17.0,三重區,241,19.2,19.7,1170.0,2015,4,18,5
894,葡萄柚-紅肉,H4,15.0,15.0,三重區,241,15.0,15.0,110.0,2015,4,22,2
895,葡萄柚-紅肉,H4,15.0,10.0,三重區,241,12.5,12.5,4140.0,2015,4,23,3
896,葡萄柚-紅肉,H4,13.0,13.0,三重區,241,13.0,13.0,748.0,2015,4,28,1
897,葡萄柚-紅肉,H4,13.0,13.0,三重區,241,13.0,13.0,2420.0,2015,4,29,2
898,葡萄柚-紅肉,H4,13.1,12.0,三重區,241,12.2,12.0,1898.0,2015,4,30,3
899,葡萄柚-紅肉,H4,12.0,12.0,三重區,241,12.0,12.0,352.0,2015,5,2,5
900,葡萄柚-紅肉,H4,12.7,12.0,三重區,241,12.1,12.0,1254.0,2015,5,5,1
901,葡萄柚-紅肉,H4,15.0,15.0,三重區,241,15.0,15.0,560.0,2015,5,7,3
902,葡萄柚-紅肉,H4,13.0,13.0,三重區,241,13.0,13.0,600.0,2015,5,9,5
903,葡萄柚-紅肉,H4,14.0,12.0,三重區,241,12.4,12.0,810.0,2015,5,10,6
904,葡萄柚-紅肉,H4,15.0,15.0,三重區,241,15.0,15.0,198.0,2015,5,12,1
905,葡萄柚-紅肉,H4,13.0,13.0,三重區,241,13.0,13.0,220.0,2015,5,13,2
906,葡萄柚-紅肉,H4,13.0,13.0,三重區,241,13.0,13.0,180.0,2015,5,14,3
907,葡萄柚-紅肉,H4,15.0,15.0,三重區,241,15.0,15.0,100.0,2015,5,15,4
908,葡萄柚-紅肉,H4,12.0,12.0,三重區,241,12.0,12.0,872.0,2015,5,16,5
909,葡萄柚-紅肉,H4,12.0,12.0,三重區,241,12.0,12.0,140.0,2015,5,22,4
910,葡萄柚-紅肉,H4,13.0,13.0,三重區,241,13.0,13.0,648.0,2015,5,23,5
911,葡萄柚-紅肉,H4,12.0,12.0,三重區,241,12.0,12.0,280.0,2015,5,24,6
912,葡萄柚-紅肉,H4,15.0,13.0,三重區,241,14.4,14.6,384.0,2015,5,26,1
913,葡萄柚-紅肉,H4,13.0,13.0,三重區,241,13.0,13.0,220.0,2015,5,27,2
914,葡萄柚-紅肉,H4,15.0,15.0,三重區,241,15.0,15.0,60.0,2015,5,28,3
915,葡萄柚-紅肉,H4,15.0,15.0,三重區,241,15.0,15.0,400.0,2015,5,29,4
916,葡萄柚-紅肉,H4,13.0,12.0,三重區,241,12.4,12.4,790.0,2015,5,31,6
917,葡萄柚-紅肉,H4,15.0,15.0,三重區,241,15.0,15.0,280.0,2015,6,2,1
918,葡萄柚-紅肉,H4,12.0,12.0,三重區,241,12.0,12.0,612.0,2015,6,7,6
919,葡萄柚-紅肉,H4,18.0,18.0,三重區,241,18.0,18.0,580.0,2015,6,13,5
920,葡萄柚-紅肉,H4,15.0,15.0,三重區,241,15.0,15.0,160.0,2015,6,16,1
921,葡萄柚-紅肉,H4,15.0,15.0,三重區,241,15.0,15.0,400.0,2015,6,17,2
922,葡萄柚-紅肉,H4,15.0,13.0,三重區,241,13.4,13.1,660.0,2015,6,18,3
923,葡萄柚-紅肉,H4,15.0,13.0,三重區,241,13.5,13.2,535.0,2015,6,19,4
924,葡萄柚-紅肉,H4,15.0,15.0,三重區,241,15.0,15.0,477.0,2015,6,23,1
925,葡萄柚-紅肉,H4,15.0,15.0,三重區,241,15.0,15.0,624.0,2015,6,24,2
926,葡萄柚-紅肉,H4,15.0,15.0,三重區,241,15.0,15.0,220.0,2015,6,25,3
927,葡萄柚-紅肉,H4,12.0,12.0,三重區,241,12.0,12.0,340.0,2015,6,26,4
928,葡萄柚-紅肉,H4,15.0,15.0,三重區,241,15.0,15.0,260.0,2015,6,28,6
929,葡萄柚-紅肉,H4,8.0,8.0,三重區,241,8.0,8.0,144.0,2015,7,1,2
930,葡萄柚-紅肉,H4,13.0,13.0,三重區,241,13.0,13.0,920.0,2015,7,3,4
931,葡萄柚-紅肉,H4,13.0,13.0,三重區,241,13.0,13.0,846.0,2015,7,7,1
932,葡萄柚-紅肉,H4,15.0,15.0,三重區,241,15.0,15.0,740.0,2015,7,10,4
933,葡萄柚-紅肉,H4,15.0,13.0,三重區,241,14.6,15.0,1474.0,2015,7,14,1
934,葡萄柚-紅肉,H4,11.5,10.0,三重區,241,10.3,10.0,1340.0,2015,7,15,2
935,葡萄柚-紅肉,H4,12.0,12.0,三重區,241,12.0,12.0,980.0,2015,7,17,4
936,葡萄柚-紅肉,H4,15.0,15.0,三重區,241,15.0,15.0,66.0,2015,7,18,5
937,葡萄柚-紅肉,H4,15.0,15.0,三重區,241,15.0,15.0,560.0,2015,7,22,2
938,葡萄柚-紅肉,H4,12.0,12.0,三重區,241,12.0,12.0,780.0,2015,7,23,3
939,葡萄柚-紅肉,H4,15.0,15.0,三重區,241,15.0,15.0,247.0,2015,7,24,4
940,葡萄柚-紅肉,H4,13.0,13.0,三重區,241,13.0,13.0,220.0,2015,7,25,5
941,葡萄柚-紅肉,H4,13.0,12.0,三重區,241,12.3,12.2,853.0,2015,7,26,6
942,葡萄柚-紅肉,H4,15.0,13.0,三重區,241,13.6,13.2,1036.0,2015,7,28,1
943,葡萄柚-紅肉,H4,15.0,13.0,三重區,241,13.6,13.3,904.0,2015,7,29,2
944,葡萄柚-紅肉,H4,14.4,12.0,三重區,241,12.5,12.0,1392.0,2015,7,30,3
945,葡萄柚-紅肉,H4,13.0,10.8,三重區,241,12.4,12.8,808.0,2015,7,31,4
946,葡萄柚-紅肉,H4,12.0,12.0,三重區,241,12.0,12.0,264.0,2015,8,1,5
947,葡萄柚-紅肉,H4,15.0,13.0,三重區,241,14.2,14.3,1846.0,2015,8,4,1
948,葡萄柚-紅肉,H4,15.0,14.0,三重區,241,14.4,14.4,2090.0,2015,8,5,2
949,葡萄柚-紅肉,H4,20.0,20.0,三重區,241,20.0,20.0,76.0,2015,8,6,3
950,葡萄柚-紅肉,H4,15.0,15.0,三重區,241,15.0,15.0,900.0,2015,8,7,4
951,葡萄柚-紅肉,H4,15.6,15.0,三重區,241,15.1,15.0,1400.0,2015,8,8,5
952,葡萄柚-紅肉,H4,15.0,12.0,三重區,241,14.4,15.0,1600.0,2015,8,11,1
953,葡萄柚-紅肉,H4,15.7,14.4,三重區,241,15.0,15.0,3040.0,2015,8,12,2
954,葡萄柚-紅肉,H4,17.6,15.0,三重區,241,15.8,15.4,1671.0,2015,8,13,3
955,葡萄柚-紅肉,H4,15.0,12.0,三重區,241,14.1,14.5,2318.0,2015,8,14,4
956,葡萄柚-紅肉,H4,13.0,12.0,三重區,241,12.8,12.9,1518.0,2015,8,15,5
957,葡萄柚-紅肉,H4,18.0,15.0,三重區,241,16.7,16.8,1588.0,2015,8,19,2
958,葡萄柚-紅肉,H4,17.0,17.0,三重區,241,17.0,17.0,352.0,2015,8,21,4
959,葡萄柚-紅肉,H4,17.0,17.0,三重區,241,17.0,17.0,540.0,2015,8,22,5
960,葡萄柚-紅肉,H4,19.8,18.0,三重區,241,18.4,18.0,3756.0,2015,8,23,6
961,葡萄柚-紅肉,H4,25.0,22.3,三重區,241,24.1,24.4,3620.0,2015,8,25,1
962,葡萄柚-紅肉,H4,25.0,22.0,三重區,241,24.1,24.4,698.0,2015,8,26,2
963,葡萄柚-紅肉,H4,24.4,20.0,三重區,241,21.8,21.6,4416.0,2015,8,27,3
964,葡萄柚-紅肉,H4,23.0,23.0,三重區,241,23.0,23.0,114.0,2015,8,28,4
965,葡萄柚-紅肉,H4,30.0,30.0,三重區,241,30.0,30.0,39.0,2015,9,3,3
966,葡萄柚-紅肉,H4,27.0,20.0,三重區,241,24.3,24.8,1184.0,2015,9,4,4
967,葡萄柚-紅肉,H4,20.0,20.0,三重區,241,20.0,20.0,90.0,2015,9,5,5
968,葡萄柚-紅肉,H4,17.0,15.3,三重區,241,16.7,17.0,968.0,2015,9,6,6
969,葡萄柚-紅肉,H4,27.0,27.0,三重區,241,27.0,27.0,836.0,2015,9,9,2
970,葡萄柚-紅肉,H4,25.0,20.0,三重區,241,23.4,24.0,188.0,2015,9,13,6
971,葡萄柚-紅肉,H4,25.0,25.0,三重區,241,25.0,25.0,112.0,2015,9,15,1
972,葡萄柚-紅肉,H4,25.0,22.0,三重區,241,22.6,22.0,781.0,2015,9,16,2
973,葡萄柚-紅肉,H4,25.0,20.0,三重區,241,22.7,22.9,1396.0,2015,9,17,3
974,葡萄柚-紅肉,H4,25.0,25.0,三重區,241,25.0,25.0,1820.0,2015,9,18,4
975,葡萄柚-紅肉,H4,26.5,20.0,三重區,241,24.0,24.6,1975.0,2015,9,20,6
976,葡萄柚-紅肉,H4,28.2,22.0,三重區,241,24.0,23.2,3660.0,2015,9,22,1
977,葡萄柚-紅肉,H4,26.3,20.0,三重區,241,22.8,22.5,2294.0,2015,9,23,2
978,葡萄柚-紅肉,H4,27.5,18.3,三重區,241,22.5,22.2,2647.0,2015,9,24,3
979,葡萄柚-紅肉,H4,23.9,20.0,三重區,241,20.8,20.0,2421.0,2015,9,25,4
980,葡萄柚-紅肉,H4,25.0,19.6,三重區,241,23.6,24.4,723.0,2015,9,26,5
981,葡萄柚-紅肉,H4,30.0,10.0,三重區,241,22.5,24.2,80.0,2015,9,27,6
982,葡萄柚-紅肉,H4,25.0,25.0,三重區,241,25.0,25.0,570.0,2015,9,30,2
983,葡萄柚-紅肉,H4,35.3,20.0,三重區,241,24.6,22.6,616.0,2015,10,1,3
984,葡萄柚-紅肉,H4,29.4,20.0,三重區,241,25.3,25.8,1008.0,2015,10,2,4
985,葡萄柚-紅肉,H4,25.0,18.0,三重區,241,21.8,22.0,1354.0,2015,10,3,5
986,葡萄柚-紅肉,H4,25.0,19.2,三重區,241,22.3,22.5,838.0,2015,10,4,6
987,葡萄柚-紅肉,H4,27.3,16.9,三重區,241,20.9,20.0,2770.0,2015,10,6,1
988,葡萄柚-紅肉,H4,25.0,14.4,三重區,241,19.9,20.0,324.0,2015,10,7,2
989,葡萄柚-紅肉,H4,25.4,12.7,三重區,241,20.3,21.2,2958.0,2015,10,8,3
990,葡萄柚-紅肉,H4,31.3,20.0,三重區,241,23.4,22.0,1462.0,2015,10,9,4
991,葡萄柚-紅肉,H4,31.9,19.7,三重區,241,24.5,23.5,2673.0,2015,10,10,5
992,葡萄柚-紅肉,H4,25.0,13.8,三重區,241,21.8,23.4,791.0,2015,10,11,6
993,葡萄柚-紅肉,H4,25.6,13.8,三重區,241,21.3,22.3,1512.0,2015,10,13,1
994,葡萄柚-紅肉,H4,25.0,25.0,三重區,241,25.0,25.0,392.0,2015,10,14,2
995,葡萄柚-紅肉,H4,26.7,19.0,三重區,241,22.3,22.0,1104.0,2015,10,15,3
996,葡萄柚-紅肉,H4,28.0,15.0,三重區,241,21.1,20.9,4069.0,2015,10,16,4
997,葡萄柚-紅肉,H4,25.0,10.0,三重區,241,17.7,17.8,2220.0,2015,10,17,5
998,葡萄柚-紅肉,H4,32.3,10.0,三重區,241,21.9,22.4,3991.0,2015,10,18,6
999,葡萄柚-紅肉,H4,25.0,17.6,三重區,241,21.4,21.4,1892.0,2015,10,20,1
1000,葡萄柚-紅肉,H4,29.8,17.5,三重區,241,23.0,22.6,2477.0,2015,10,21,2
1001,葡萄柚-紅肉,H4,25.0,14.6,三重區,241,21.5,22.5,1626.0,2015,10,22,3
1002,葡萄柚-紅肉,H4,25.0,6.7,三重區,241,18.0,19.4,709.0,2015,10,23,4
1003,葡萄柚-紅肉,H4,25.0,18.1,三重區,241,22.2,22.6,1257.0,2015,10,24,5
1004,葡萄柚-紅肉,H4,25.1,16.7,三重區,241,20.9,20.9,5838.0,2015,10,25,6
1005,葡萄柚-紅肉,H4,25.4,18.1,三重區,241,21.7,21.7,2458.0,2015,10,27,1
1006,葡萄柚-紅肉,H4,28.7,17.0,三重區,241,21.6,20.8,1699.0,2015,10,28,2
1007,葡萄柚-紅肉,H4,23.8,11.2,三重區,241,19.1,20.2,1921.0,2015,10,29,3
1008,葡萄柚-紅肉,H4,24.2,17.9,三重區,241,19.9,19.1,1469.0,2015,10,30,4
1009,葡萄柚-紅肉,H4,20.5,18.2,三重區,241,19.8,20.0,2450.0,2015,10,31,5
1010,葡萄柚-紅肉,H4,21.9,17.6,三重區,241,19.9,20.0,996.0,2015,11,1,6
1011,葡萄柚-紅肉,H4,24.3,10.4,三重區,241,16.9,16.6,1062.0,2015,11,3,1
1012,葡萄柚-紅肉,H4,21.1,10.8,三重區,241,18.4,20.0,2001.0,2015,11,4,2
1013,葡萄柚-紅肉,H4,20.0,14.6,三重區,241,18.3,18.9,2379.0,2015,11,5,3
1014,葡萄柚-紅肉,H4,20.0,13.6,三重區,241,17.2,17.5,1945.0,2015,11,6,4
1015,葡萄柚-紅肉,H4,20.5,10.9,三重區,241,15.3,15.0,1490.0,2015,11,7,5
1016,葡萄柚-紅肉,H4,28.0,13.8,三重區,241,20.1,19.7,1216.0,2015,11,8,6
1017,葡萄柚-紅肉,H4,21.8,16.4,三重區,241,18.8,18.6,2570.0,2015,11,10,1
1018,葡萄柚-紅肉,H4,16.0,13.3,三重區,241,15.1,15.4,1693.0,2015,11,11,2
1019,葡萄柚-紅肉,H4,7.0,7.0,三重區,241,7.0,7.0,2554.0,2015,11,12,3
1020,葡萄柚-紅肉,H4,9.0,7.0,三重區,241,7.6,7.3,1351.0,2015,11,13,4
1021,葡萄柚-紅肉,H4,10.0,9.0,三重區,241,9.4,9.3,1318.0,2015,11,14,5
1022,葡萄柚-紅肉,H4,13.4,7.4,三重區,241,9.0,8.0,2069.0,2015,11,15,6
1023,葡萄柚-紅肉,H4,10.0,10.0,三重區,241,10.0,10.0,3035.0,2015,11,17,1
1024,葡萄柚-紅肉,H4,10.0,10.0,三重區,241,10.0,10.0,1225.0,2015,11,18,2
1025,葡萄柚-紅肉,H4,10.0,10.0,三重區,241,10.0,10.0,3309.0,2015,11,19,3
1026,葡萄柚-紅肉,H4,10.0,10.0,三重區,241,10.0,10.0,2034.0,2015,11,20,4
1027,葡萄柚-紅肉,H4,12.0,12.0,三重區,241,12.0,12.0,1136.0,2015,11,21,5
1028,葡萄柚-紅肉,H4,13.0,10.0,三重區,241,12.0,12.4,1904.0,2015,11,22,6
1029,葡萄柚-紅肉,H4,19.6,5.6,三重區,241,11.3,10.4,1008.0,2015,11,24,1
1030,葡萄柚-紅肉,H4,20.4,17.0,三重區,241,17.9,17.4,3187.0,2015,11,25,2
1031,葡萄柚-紅肉,H4,18.0,16.6,三重區,241,17.4,17.5,3327.0,2015,11,26,3
1032,葡萄柚-紅肉,H4,18.3,16.0,三重區,241,17.2,17.3,2982.0,2015,11,27,4
1033,葡萄柚-紅肉,H4,20.2,13.0,三重區,241,14.7,13.4,1688.0,2015,11,28,5
1034,葡萄柚-紅肉,H4,21.8,17.9,三重區,241,20.4,20.7,1831.0,2015,11,29,6
1035,葡萄柚-紅肉,H4,19.7,13.0,三重區,241,15.1,14.3,3138.0,2015,12,1,1
1036,葡萄柚-紅肉,H4,25.3,17.0,三重區,241,19.5,18.4,1931.0,2015,12,2,2
1037,葡萄柚-紅肉,H4,20.3,17.0,三重區,241,18.2,17.9,2885.0,2015,12,3,3
1038,葡萄柚-紅肉,H4,16.0,14.4,三重區,241,15.5,15.7,2941.0,2015,12,4,4
1039,葡萄柚-紅肉,H4,17.7,10.0,三重區,241,13.1,12.6,562.0,2015,12,5,5
1040,葡萄柚-紅肉,H4,14.0,12.0,三重區,241,13.2,13.4,1490.0,2015,12,6,6
1041,葡萄柚-紅肉,H4,16.0,12.2,三重區,241,13.9,13.8,2770.0,2015,12,8,1
1042,葡萄柚-紅肉,H4,35.4,34.0,三重區,241,34.3,34.0,1508.0,2015,12,9,2
1043,葡萄柚-紅肉,H4,34.0,28.0,三重區,241,29.4,28.3,2622.0,2015,12,10,3
1044,葡萄柚-紅肉,H4,15.0,15.0,三重區,241,15.0,15.0,195.0,2015,12,11,4
1045,葡萄柚-紅肉,H4,12.0,12.0,三重區,241,12.0,12.0,580.0,2015,12,12,5
1046,葡萄柚-紅肉,H4,15.0,13.6,三重區,241,14.7,15.0,700.0,2015,12,13,6
1047,葡萄柚-紅肉,H4,10.0,10.0,三重區,241,10.0,10.0,914.0,2015,12,15,1
1048,葡萄柚-紅肉,H4,13.7,10.0,三重區,241,10.7,10.0,982.0,2015,12,16,2
1049,葡萄柚-紅肉,H4,12.0,12.0,三重區,241,12.0,12.0,2928.0,2015,12,17,3
1050,葡萄柚-紅肉,H4,12.0,12.0,三重區,241,12.0,12.0,532.0,2015,12,18,4
1051,葡萄柚-紅肉,H4,12.6,9.3,三重區,241,11.2,11.4,810.0,2015,12,19,5
1052,葡萄柚-紅肉,H4,13.9,9.0,三重區,241,10.3,9.6,1028.0,2015,12,20,6
1053,葡萄柚-紅肉,H4,10.0,10.0,三重區,241,10.0,10.0,1214.0,2015,12,22,1
1054,葡萄柚-紅肉,H4,8.0,8.0,三重區,241,8.0,8.0,570.0,2015,12,23,2
1055,葡萄柚-紅肉,H4,8.9,8.0,三重區,241,8.2,8.0,1361.0,2015,12,24,3
1056,葡萄柚-紅肉,H4,10.0,10.0,三重區,241,10.0,10.0,1538.0,2015,12,25,4
1057,葡萄柚-紅肉,H4,25.0,10.4,三重區,241,18.3,18.7,900.0,2015,12,26,5
1058,葡萄柚-紅肉,H4,10.1,10.0,三重區,241,10.0,10.0,1319.0,2015,12,27,6
1059,葡萄柚-紅肉,H4,12.0,12.0,三重區,241,12.0,12.0,1842.0,2015,12,29,1
1060,葡萄柚-紅肉,H4,12.0,12.0,三重區,241,12.0,12.0,2829.0,2015,12,30,2
1061,葡萄柚-紅肉,H4,12.0,6.4,三重區,241,10.9,12.0,1076.0,2015,12,31,3
1062,葡萄柚-紅肉,H4,18.3,5.4,三重區,241,12.6,13.1,996.0,2016,1,1,4
1063,葡萄柚-紅肉,H4,12.0,12.0,三重區,241,12.0,12.0,720.0,2016,1,2,5
1064,葡萄柚-紅肉,H4,10.0,10.0,三重區,241,10.0,10.0,570.0,2016,1,3,6
1065,葡萄柚-紅肉,H4,12.0,10.0,三重區,241,11.1,11.1,716.0,2016,1,5,1
1066,葡萄柚-紅肉,H4,12.0,12.0,三重區,241,12.0,12.0,2206.0,2016,1,6,2
1067,葡萄柚-紅肉,H4,17.4,15.0,三重區,241,15.5,15.1,664.0,2016,1,7,3
1068,葡萄柚-紅肉,H4,15.0,15.0,三重區,241,15.0,15.0,360.0,2016,1,8,4
1069,葡萄柚-紅肉,H4,15.0,10.0,三重區,241,11.9,11.5,3493.0,2016,1,9,5
1070,葡萄柚-紅肉,H4,15.0,15.0,三重區,241,15.0,15.0,1150.0,2016,1,10,6
1071,葡萄柚-紅肉,H4,15.0,15.0,三重區,241,15.0,15.0,1256.0,2016,1,12,1
1072,葡萄柚-紅肉,H4,15.0,15.0,三重區,241,15.0,15.0,390.0,2016,1,13,2
1073,葡萄柚-紅肉,H4,17.1,14.0,三重區,241,15.2,15.0,850.0,2016,1,14,3
1074,葡萄柚-紅肉,H4,24.0,24.0,三重區,241,24.0,24.0,60.0,2016,1,15,4
1075,葡萄柚-紅肉,H4,24.1,14.0,三重區,241,16.6,15.0,446.0,2016,1,16,5
1076,葡萄柚-紅肉,H4,15.0,13.0,三重區,241,14.4,14.6,944.0,2016,1,17,6
1077,葡萄柚-紅肉,H4,15.0,13.0,三重區,241,13.9,13.9,2537.0,2016,1,19,1
1078,葡萄柚-紅肉,H4,15.0,15.0,三重區,241,15.0,15.0,380.0,2016,1,20,2
1079,葡萄柚-紅肉,H4,15.0,5.0,三重區,241,11.0,11.7,500.0,2016,1,21,3
1080,葡萄柚-紅肉,H4,15.0,10.3,三重區,241,13.6,14.2,1479.0,2016,1,22,4
1081,葡萄柚-紅肉,H4,10.5,5.3,三重區,241,7.4,7.0,1410.0,2016,1,23,5
1082,葡萄柚-紅肉,H4,15.0,15.0,三重區,241,15.0,15.0,100.0,2016,1,24,6
1083,葡萄柚-紅肉,H4,15.0,15.0,三重區,241,15.0,15.0,180.0,2016,1,26,1
1084,葡萄柚-紅肉,H4,15.0,13.0,三重區,241,13.6,13.4,2865.0,2016,1,27,2
1085,葡萄柚-紅肉,H4,18.0,15.0,三重區,241,17.4,17.9,410.0,2016,1,28,3
1086,葡萄柚-紅肉,H4,15.0,10.0,三重區,241,12.6,12.6,410.0,2016,1,29,4
1087,葡萄柚-紅肉,H4,13.3,10.0,三重區,241,11.6,11.6,1054.0,2016,1,30,5
1088,葡萄柚-紅肉,H4,15.0,15.0,三重區,241,15.0,15.0,90.0,2016,1,31,6
1089,葡萄柚-紅肉,H4,13.2,12.0,三重區,241,12.2,12.0,1304.0,2016,2,1,0
1090,葡萄柚-紅肉,H4,14.3,10.8,三重區,241,12.2,12.0,3278.0,2016,2,2,1
1091,葡萄柚-紅肉,H4,15.0,12.0,三重區,241,14.3,14.8,1076.0,2016,2,3,2
1092,葡萄柚-紅肉,H4,15.0,15.0,三重區,241,15.0,15.0,400.0,2016,2,4,3
1093,葡萄柚-紅肉,H4,15.0,12.0,三重區,241,13.9,14.2,1196.0,2016,2,5,4
1094,葡萄柚-紅肉,H4,15.0,10.0,三重區,241,12.3,12.1,2403.0,2016,2,6,5
1095,葡萄柚-紅肉,H4,14.3,12.0,三重區,241,12.6,12.3,4214.0,2016,2,13,5
1096,葡萄柚-紅肉,H4,15.0,14.4,三重區,241,14.9,15.0,538.0,2016,2,14,6
1097,葡萄柚-紅肉,H4,16.6,5.4,三重區,241,11.3,11.6,570.0,2016,2,17,2
1098,葡萄柚-紅肉,H4,12.0,9.5,三重區,241,11.2,11.5,3875.0,2016,2,18,3
1099,葡萄柚-紅肉,H4,30.0,10.8,三重區,241,20.5,20.5,1211.0,2016,2,19,4
1100,葡萄柚-紅肉,H4,15.4,9.7,三重區,241,11.3,10.5,1882.0,2016,2,20,5
1101,葡萄柚-紅肉,H4,12.0,8.0,三重區,241,10.0,9.9,550.0,2016,2,21,6
1102,葡萄柚-紅肉,H4,12.0,9.7,三重區,241,10.6,10.5,4530.0,2016,2,25,3
1103,葡萄柚-紅肉,H4,12.0,6.0,三重區,241,9.9,10.5,446.0,2016,2,26,4
1104,葡萄柚-紅肉,H4,13.3,10.0,三重區,241,10.8,10.2,351.0,2016,2,27,5
1105,葡萄柚-紅肉,H4,12.6,10.0,三重區,241,11.4,11.4,868.0,2016,2,28,6
1106,葡萄柚-紅肉,H4,12.0,10.0,三重區,241,10.5,10.2,3204.0,2016,3,1,1
1107,葡萄柚-紅肉,H4,10.0,10.0,三重區,241,10.0,10.0,300.0,2016,3,2,2
1108,葡萄柚-紅肉,H4,12.0,12.0,三重區,241,12.0,12.0,1631.0,2016,3,3,3
1109,葡萄柚-紅肉,H4,25.0,14.0,三重區,241,16.7,14.8,816.0,2016,3,4,4
1110,葡萄柚-紅肉,H4,19.9,15.0,三重區,241,16.7,16.2,4276.0,2016,3,5,5
1111,葡萄柚-紅肉,H4,25.0,6.0,三重區,241,14.3,13.6,513.0,2016,3,6,6
1112,葡萄柚-紅肉,H4,22.6,14.2,三重區,241,16.9,15.9,2169.0,2016,3,8,1
1113,葡萄柚-紅肉,H4,26.9,15.0,三重區,241,18.8,17.3,583.0,2016,3,9,2
1114,葡萄柚-紅肉,H4,15.3,12.0,三重區,241,13.4,13.3,1672.0,2016,3,10,3
1115,葡萄柚-紅肉,H4,15.0,12.0,三重區,241,13.9,14.1,480.0,2016,3,11,4
1116,葡萄柚-紅肉,H4,22.5,12.0,三重區,241,14.1,12.0,1548.0,2016,3,13,6
1117,葡萄柚-紅肉,H4,21.0,16.8,三重區,241,18.3,17.9,2932.0,2016,3,15,1
1118,葡萄柚-紅肉,H4,17.4,15.0,三重區,241,15.5,15.0,3392.0,2016,3,16,2
1119,葡萄柚-紅肉,H4,18.0,14.0,三重區,241,16.1,16.1,585.0,2016,3,17,3
1120,葡萄柚-紅肉,H4,18.0,17.1,三重區,241,17.8,18.0,1098.0,2016,3,18,4
1121,葡萄柚-紅肉,H4,20.1,15.0,三重區,241,16.4,15.7,882.0,2016,3,19,5
1122,葡萄柚-紅肉,H4,27.9,18.0,三重區,241,21.7,20.9,462.0,2016,3,20,6
1123,葡萄柚-紅肉,H4,20.1,17.7,三重區,241,19.3,19.5,5950.0,2016,3,22,1
1124,葡萄柚-紅肉,H4,20.0,20.0,三重區,241,20.0,20.0,190.0,2016,3,23,2
1125,葡萄柚-紅肉,H4,20.0,20.0,三重區,241,20.0,20.0,624.0,2016,3,24,3
1126,葡萄柚-紅肉,H4,20.0,12.0,三重區,241,17.1,17.8,545.0,2016,3,25,4
1127,葡萄柚-紅肉,H4,20.0,20.0,三重區,241,20.0,20.0,326.0,2016,3,26,5
1128,葡萄柚-紅肉,H4,25.2,15.0,三重區,241,17.8,16.2,1324.0,2016,3,27,6
1129,葡萄柚-紅肉,H4,30.2,21.5,三重區,241,24.2,23.1,2257.0,2016,3,29,1
1130,葡萄柚-紅肉,H4,25.0,17.0,三重區,241,21.1,21.1,1401.0,2016,3,30,2
1131,葡萄柚-紅肉,H4,26.5,20.0,三重區,241,22.0,21.2,845.0,2016,3,31,3
1132,葡萄柚-紅肉,H4,29.7,23.0,三重區,241,24.4,23.1,1125.0,2016,4,1,4
1133,葡萄柚-紅肉,H4,27.2,25.0,三重區,241,25.5,25.0,1385.0,2016,4,2,5
1134,葡萄柚-紅肉,H4,25.0,25.0,三重區,241,25.0,25.0,802.0,2016,4,3,6
1135,葡萄柚-紅肉,H4,25.0,20.0,三重區,241,21.4,20.6,4084.0,2016,4,6,2
1136,葡萄柚-紅肉,H4,22.0,9.4,三重區,241,18.7,20.7,4715.0,2016,4,7,3
1137,葡萄柚-紅肉,H4,22.0,15.0,三重區,241,20.1,21.1,1300.0,2016,4,8,4
1138,葡萄柚-紅肉,H4,20.0,20.0,三重區,241,20.0,20.0,840.0,2016,4,9,5
1139,葡萄柚-紅肉,H4,17.0,17.0,三重區,241,17.0,17.0,248.0,2016,4,10,6
1140,葡萄柚-紅肉,H4,20.0,15.0,三重區,241,18.1,18.5,2674.0,2016,4,12,1
1141,葡萄柚-紅肉,H4,15.0,15.0,三重區,241,15.0,15.0,800.0,2016,4,13,2
1142,葡萄柚-紅肉,H4,20.0,20.0,三重區,241,20.0,20.0,480.0,2016,4,14,3
1143,葡萄柚-紅肉,H4,17.0,5.0,三重區,241,11.4,11.7,600.0,2016,4,15,4
1144,葡萄柚-紅肉,H4,17.0,15.0,三重區,241,16.3,16.5,1220.0,2016,4,17,6
1145,葡萄柚-紅肉,H4,17.3,15.0,三重區,241,15.5,15.0,2474.0,2016,4,19,1
1146,葡萄柚-紅肉,H4,18.0,3.0,三重區,241,11.0,11.3,300.0,2016,4,20,2
1147,葡萄柚-紅肉,H4,20.0,17.0,三重區,241,18.4,18.3,2407.0,2016,4,22,4
1148,葡萄柚-紅肉,H4,20.0,15.0,三重區,241,16.4,15.6,1446.0,2016,4,24,6
1149,葡萄柚-紅肉,H4,17.0,17.0,三重區,241,17.0,17.0,900.0,2016,4,26,1
1150,葡萄柚-紅肉,H4,17.0,17.0,三重區,241,17.0,17.0,1260.0,2016,4,27,2
1151,葡萄柚-紅肉,H4,20.0,6.4,三重區,241,15.8,17.5,1470.0,2016,4,28,3
1152,葡萄柚-紅肉,H4,20.0,17.0,三重區,241,17.9,17.5,3122.0,2016,4,29,4
1153,葡萄柚-紅肉,H4,20.0,20.0,三重區,241,20.0,20.0,1120.0,2016,4,30,5
1154,葡萄柚-紅肉,H4,20.0,20.0,三重區,241,20.0,20.0,353.0,2016,5,1,6
1155,葡萄柚-紅肉,H4,20.0,17.0,三重區,241,18.2,18.0,2948.0,2016,5,3,1
1156,葡萄柚-紅肉,H4,22.0,20.0,三重區,241,20.7,20.6,1572.0,2016,5,4,2
1157,葡萄柚-紅肉,H4,20.0,20.0,三重區,241,20.0,20.0,945.0,2016,5,5,3
1158,葡萄柚-紅肉,H4,27.0,22.0,三重區,241,25.3,25.8,516.0,2016,5,6,4
1159,葡萄柚-紅肉,H4,22.0,21.0,三重區,241,21.5,21.5,793.0,2016,5,7,5
1160,葡萄柚-紅肉,H4,23.0,22.0,三重區,241,22.7,22.9,1395.0,2016,5,10,1
1161,葡萄柚-紅肉,H4,25.0,25.0,三重區,241,25.0,25.0,768.0,2016,5,11,2
1162,葡萄柚-紅肉,H4,25.0,25.0,三重區,241,25.0,25.0,220.0,2016,5,17,1
1163,葡萄柚-紅肉,H4,25.0,25.0,三重區,241,25.0,25.0,190.0,2016,5,18,2
1164,葡萄柚-紅肉,H4,22.0,22.0,三重區,241,22.0,22.0,180.0,2016,5,19,3
1165,葡萄柚-紅肉,H4,25.0,25.0,三重區,241,25.0,25.0,260.0,2016,5,20,4
1166,葡萄柚-紅肉,H4,25.0,25.0,三重區,241,25.0,25.0,108.0,2016,5,21,5
1167,葡萄柚-紅肉,H4,25.0,25.0,三重區,241,25.0,25.0,442.0,2016,5,22,6
1168,葡萄柚-紅肉,H4,25.0,25.0,三重區,241,25.0,25.0,120.0,2016,5,24,1
1169,葡萄柚-紅肉,H4,25.0,25.0,三重區,241,25.0,25.0,140.0,2016,5,25,2
1170,葡萄柚-紅肉,H4,25.0,22.0,三重區,241,23.2,23.0,600.0,2016,5,31,1
1171,葡萄柚-紅肉,H4,30.0,23.0,三重區,241,25.8,25.3,1660.0,2016,6,1,2
1172,葡萄柚-紅肉,H4,25.0,25.0,三重區,241,25.0,25.0,180.0,2016,6,3,4
1173,葡萄柚-紅肉,H4,25.0,25.0,三重區,241,25.0,25.0,946.0,2016,6,4,5
1174,葡萄柚-紅肉,H4,25.0,25.0,三重區,241,25.0,25.0,1540.0,2016,6,5,6
1175,葡萄柚-紅肉,H4,25.0,22.0,三重區,241,22.9,22.6,1152.0,2016,6,9,3
1176,葡萄柚-紅肉,H4,25.0,25.0,三重區,241,25.0,25.0,1848.0,2016,6,17,4
1177,葡萄柚-紅肉,H4,28.4,25.0,三重區,241,26.5,26.3,2172.0,2016,6,18,5
1178,葡萄柚-紅肉,H4,27.0,27.0,三重區,241,27.0,27.0,558.0,2016,6,21,1
1179,葡萄柚-紅肉,H4,52.4,22.0,三重區,241,30.0,25.2,1593.0,2016,6,25,5
1180,葡萄柚-紅肉,H4,30.0,30.0,三重區,241,30.0,30.0,88.0,2016,6,26,6
1181,葡萄柚-紅肉,H4,25.0,25.0,三重區,241,25.0,25.0,550.0,2016,7,2,5
1182,葡萄柚-紅肉,H4,27.0,26.0,三重區,241,26.2,26.0,1048.0,2016,7,3,6
1183,葡萄柚-紅肉,H4,25.0,25.0,三重區,241,25.0,25.0,460.0,2016,7,5,1
1184,葡萄柚-紅肉,H4,30.0,30.0,三重區,241,30.0,30.0,72.0,2016,7,7,3
1185,葡萄柚-紅肉,H4,25.0,25.0,三重區,241,25.0,25.0,836.0,2016,7,13,2
1186,葡萄柚-紅肉,H4,25.0,22.0,三重區,241,23.7,23.9,1368.0,2016,7,16,5
1187,葡萄柚-紅肉,H4,25.0,24.0,三重區,241,24.3,24.1,1565.0,2016,7,31,6
1188,葡萄柚-紅肉,H4,32.0,22.2,三重區,241,30.0,32.0,367.0,2016,8,16,1
1189,葡萄柚-紅肉,H4,17.0,17.0,三重區,241,17.0,17.0,396.0,2016,8,23,1
1190,葡萄柚-紅肉,H4,26.0,26.0,三重區,241,26.0,26.0,120.0,2016,8,25,3
1191,葡萄柚-紅肉,H4,17.0,17.0,三重區,241,17.0,17.0,48.0,2016,8,27,5
1192,葡萄柚-紅肉,H4,20.0,20.0,三重區,241,20.0,20.0,527.0,2016,9,6,1
1193,葡萄柚-紅肉,H4,19.9,17.0,三重區,241,17.6,17.0,936.0,2016,9,7,2
1194,葡萄柚-紅肉,H4,25.0,20.0,三重區,241,23.2,23.7,903.0,2016,9,10,5
1195,葡萄柚-紅肉,H4,12.0,12.0,三重區,241,12.0,12.0,140.0,2016,9,11,6
1196,葡萄柚-紅肉,H4,20.0,17.0,三重區,241,18.3,18.1,718.0,2016,9,13,1
1197,葡萄柚-紅肉,H4,20.0,20.0,三重區,241,20.0,20.0,100.0,2016,9,14,2
1198,葡萄柚-紅肉,H4,20.0,17.3,三重區,241,18.3,18.1,3407.0,2016,9,20,1
1199,葡萄柚-紅肉,H4,20.0,16.0,三重區,241,18.7,19.2,1045.0,2016,9,22,3
1200,葡萄柚-紅肉,H4,20.0,20.0,三重區,241,20.0,20.0,175.0,2016,9,23,4
1201,葡萄柚-紅肉,H4,15.0,11.6,三重區,241,13.8,14.1,2145.0,2016,9,24,5
1202,葡萄柚-紅肉,H4,15.0,12.0,三重區,241,13.2,13.0,852.0,2016,9,25,6
1203,葡萄柚-紅肉,H4,11.0,11.0,三重區,241,11.0,11.0,434.0,2016,9,27,1
1204,葡萄柚-紅肉,H4,14.4,10.0,三重區,241,12.1,12.0,892.0,2016,9,29,3
1205,葡萄柚-紅肉,H4,16.8,14.0,三重區,241,14.6,14.0,778.0,2016,9,30,4
1206,葡萄柚-紅肉,H4,15.0,15.0,三重區,241,15.0,15.0,120.0,2016,10,1,5
1207,葡萄柚-紅肉,H4,13.0,13.0,三重區,241,13.0,13.0,175.0,2016,10,2,6
1208,葡萄柚-紅肉,H4,10.0,7.0,三重區,241,9.2,9.6,1386.0,2016,10,4,1
1209,葡萄柚-紅肉,H4,14.8,12.4,三重區,241,13.7,13.7,1370.0,2016,10,5,2
1210,葡萄柚-紅肉,H4,15.0,15.0,三重區,241,15.0,15.0,623.0,2016,10,6,3
1211,葡萄柚-紅肉,H4,15.0,15.0,三重區,241,15.0,15.0,432.0,2016,10,7,4
1212,葡萄柚-紅肉,H4,27.0,11.9,三重區,241,22.4,24.3,324.0,2016,10,8,5
1213,葡萄柚-紅肉,H4,22.2,15.6,三重區,241,17.8,17.0,617.0,2016,10,9,6
1214,葡萄柚-紅肉,H4,22.2,14.4,三重區,241,16.3,15.0,916.0,2016,10,11,1
1215,葡萄柚-紅肉,H4,28.5,16.5,三重區,241,20.5,19.2,322.0,2016,10,12,2
1216,葡萄柚-紅肉,H4,18.2,14.0,三重區,241,15.4,15.0,4400.0,2016,10,13,3
1217,葡萄柚-紅肉,H4,19.3,14.9,三重區,241,16.0,15.3,2910.0,2016,10,14,4
1218,葡萄柚-紅肉,H4,19.4,14.9,三重區,241,16.4,15.9,2486.0,2016,10,15,5
1219,葡萄柚-紅肉,H4,19.4,15.0,三重區,241,17.2,17.1,527.0,2016,10,16,6
1220,葡萄柚-紅肉,H4,15.0,12.0,三重區,241,13.4,13.2,2349.0,2016,10,18,1
1221,葡萄柚-紅肉,H4,15.0,12.0,三重區,241,13.4,13.3,3418.0,2016,10,19,2
1222,葡萄柚-紅肉,H4,14.0,13.0,三重區,241,13.6,13.7,788.0,2016,10,20,3
1223,葡萄柚-紅肉,H4,18.0,16.0,三重區,241,16.5,16.2,2628.0,2016,10,21,4
1224,葡萄柚-紅肉,H4,18.0,18.0,三重區,241,18.0,18.0,1106.0,2016,10,22,5
1225,葡萄柚-紅肉,H4,18.7,14.9,三重區,241,16.2,15.8,2654.0,2016,10,23,6
1226,葡萄柚-紅肉,H4,14.3,11.0,三重區,241,13.0,13.2,1468.0,2016,10,25,1
1227,葡萄柚-紅肉,H4,14.0,14.0,三重區,241,14.0,14.0,2542.0,2016,10,26,2
1228,葡萄柚-紅肉,H4,18.0,16.0,三重區,241,17.0,17.0,739.0,2016,10,27,3
1229,葡萄柚-紅肉,H4,15.5,13.0,三重區,241,13.5,13.0,614.0,2016,10,28,4
1230,葡萄柚-紅肉,H4,18.0,15.0,三重區,241,16.7,16.8,1474.0,2016,10,29,5
1231,葡萄柚-紅肉,H4,15.0,9.5,三重區,241,12.6,12.9,2339.0,2016,10,30,6
1232,葡萄柚-紅肉,H4,13.1,9.5,三重區,241,11.6,11.8,514.0,2016,11,1,1
1233,葡萄柚-紅肉,H4,15.0,12.4,三重區,241,14.3,14.7,2460.0,2016,11,2,2
1234,葡萄柚-紅肉,H4,15.0,13.0,三重區,241,13.8,13.6,770.0,2016,11,3,3
1235,葡萄柚-紅肉,H4,15.0,15.0,三重區,241,15.0,15.0,522.0,2016,11,4,4
1236,葡萄柚-紅肉,H4,15.0,12.0,三重區,241,14.0,14.3,754.0,2016,11,5,5
1237,葡萄柚-紅肉,H4,15.0,8.4,三重區,241,12.2,12.6,245.0,2016,11,6,6
1238,葡萄柚-紅肉,H4,13.0,12.3,三重區,241,12.9,13.0,1886.0,2016,11,8,1
1239,葡萄柚-紅肉,H4,14.6,12.0,三重區,241,13.0,12.8,1941.0,2016,11,9,2
1240,葡萄柚-紅肉,H4,15.0,14.0,三重區,241,14.2,14.0,351.0,2016,11,10,3
1241,葡萄柚-紅肉,H4,15.0,12.0,三重區,241,13.9,14.2,1594.0,2016,11,11,4
1242,葡萄柚-紅肉,H4,15.0,14.0,三重區,241,14.6,14.7,1892.0,2016,11,12,5
1243,葡萄柚-紅肉,H4,16.3,12.0,三重區,241,13.1,12.4,2573.0,2016,11,13,6
1244,葡萄柚-紅肉,H4,23.0,19.7,三重區,241,20.7,20.3,2261.0,2016,11,15,1
1245,葡萄柚-紅肉,H4,21.0,16.0,三重區,241,19.3,19.8,522.0,2016,11,16,2
1246,葡萄柚-紅肉,H4,18.0,18.0,三重區,241,18.0,18.0,1038.0,2016,11,17,3
1247,葡萄柚-紅肉,H4,19.9,15.0,三重區,241,17.5,17.6,1647.0,2016,11,18,4
1248,葡萄柚-紅肉,H4,18.0,18.0,三重區,241,18.0,18.0,1123.0,2016,11,19,5
1249,葡萄柚-紅肉,H4,18.0,14.7,三重區,241,16.2,16.1,1111.0,2016,11,20,6
1250,葡萄柚-紅肉,H4,27.0,10.0,三重區,241,18.0,17.7,443.0,2016,11,22,1
1251,葡萄柚-紅肉,H4,18.9,15.9,三重區,241,16.9,16.6,1379.0,2016,11,23,2
1252,葡萄柚-紅肉,H4,20.0,12.0,三重區,241,14.1,12.8,672.0,2016,11,24,3
1253,葡萄柚-紅肉,H4,18.8,14.0,三重區,241,15.0,14.0,940.0,2016,11,25,4
1254,葡萄柚-紅肉,H4,18.0,14.0,三重區,241,14.8,14.0,242.0,2016,11,26,5
1255,葡萄柚-紅肉,H4,16.5,12.0,三重區,241,13.4,12.8,1192.0,2016,11,27,6
1256,葡萄柚-紅肉,H4,16.0,13.0,三重區,241,15.2,15.6,1885.0,2016,11,29,1
1257,葡萄柚-紅肉,H4,16.0,16.0,三重區,241,16.0,16.0,745.0,2016,11,30,2
1258,葡萄柚-紅肉,H4,13.7,12.0,三重區,241,12.5,12.2,1384.0,2016,12,1,3
1259,葡萄柚-紅肉,H4,21.5,13.2,三重區,241,17.8,18.0,3628.0,2016,12,2,4
1260,葡萄柚-紅肉,H4,16.0,12.0,三重區,241,14.0,13.9,606.0,2016,12,3,5
1261,葡萄柚-紅肉,H4,15.0,10.1,三重區,241,13.6,14.3,770.0,2016,12,4,6
1262,葡萄柚-紅肉,H4,8.9,7.0,三重區,241,7.4,7.0,1819.0,2016,12,6,1
1263,葡萄柚-紅肉,H4,7.0,7.0,三重區,241,7.0,7.0,90.0,2016,12,7,2
1264,葡萄柚-紅肉,H4,7.0,7.0,三重區,241,7.0,7.0,875.0,2016,12,8,3
1265,葡萄柚-紅肉,H4,7.0,7.0,三重區,241,7.0,7.0,863.0,2016,12,9,4
1266,葡萄柚-紅肉,H4,8.2,7.0,三重區,241,7.2,7.0,1140.0,2016,12,10,5
1267,葡萄柚-紅肉,H4,8.2,7.8,三重區,241,8.0,8.0,1525.0,2016,12,11,6
1268,葡萄柚-紅肉,H4,6.0,6.0,三重區,241,6.0,6.0,3503.0,2016,12,13,1
1269,葡萄柚-紅肉,H4,6.0,6.0,三重區,241,6.0,6.0,631.0,2016,12,14,2
1270,葡萄柚-紅肉,H4,6.0,6.0,三重區,241,6.0,6.0,414.0,2016,12,15,3
1271,葡萄柚-紅肉,H4,6.0,6.0,三重區,241,6.0,6.0,285.0,2016,12,16,4
1272,葡萄柚-紅肉,H4,6.0,6.0,三重區,241,6.0,6.0,1080.0,2016,12,17,5
1273,葡萄柚-紅肉,H4,7.4,6.0,三重區,241,6.3,6.0,3266.0,2016,12,18,6
1274,葡萄柚-紅肉,H4,11.0,11.0,三重區,241,11.0,11.0,2244.0,2016,12,20,1
1275,葡萄柚-紅肉,H4,11.0,11.0,三重區,241,11.0,11.0,2636.0,2016,12,21,2
1276,葡萄柚-紅肉,H4,11.0,11.0,三重區,241,11.0,11.0,452.0,2016,12,22,3
1277,葡萄柚-紅肉,H4,11.0,11.0,三重區,241,11.0,11.0,1522.0,2016,12,23,4
1278,葡萄柚-紅肉,H4,11.8,11.0,三重區,241,11.2,11.0,2848.0,2016,12,24,5
1279,葡萄柚-紅肉,H4,11.0,11.0,三重區,241,11.0,11.0,1133.0,2016,12,25,6
1280,葡萄柚-紅肉,H4,11.0,11.0,三重區,241,11.0,11.0,3771.0,2016,12,27,1
1281,葡萄柚-紅肉,H4,11.0,11.0,三重區,241,11.0,11.0,1644.0,2016,12,28,2
1282,葡萄柚-紅肉,H4,11.0,11.0,三重區,241,11.0,11.0,909.0,2016,12,29,3
1283,葡萄柚-紅肉,H4,11.0,11.0,三重區,241,11.0,11.0,234.0,2016,12,30,4
1284,葡萄柚-紅肉,H4,11.0,11.0,三重區,241,11.0,11.0,148.0,2016,12,31,5
1285,葡萄柚-紅肉,H4,11.0,11.0,三重區,241,11.0,11.0,1965.0,2017,1,3,1
1286,葡萄柚-紅肉,H4,11.0,11.0,三重區,241,11.0,11.0,2032.0,2017,1,4,2
1287,葡萄柚-紅肉,H4,11.0,11.0,三重區,241,11.0,11.0,346.0,2017,1,5,3
1288,葡萄柚-紅肉,H4,11.2,11.0,三重區,241,11.0,11.0,2811.0,2017,1,6,4
1289,葡萄柚-紅肉,H4,14.9,10.0,三重區,241,12.4,12.3,393.0,2017,1,7,5
1290,葡萄柚-紅肉,H4,15.3,15.0,三重區,241,15.1,15.0,2856.0,2017,1,8,6
1291,葡萄柚-紅肉,H4,15.0,15.0,三重區,241,15.0,15.0,3714.0,2017,1,10,1
1292,葡萄柚-紅肉,H4,15.0,14.9,三重區,241,15.0,15.0,1582.0,2017,1,11,2
1293,葡萄柚-紅肉,H4,9.0,9.0,三重區,241,9.0,9.0,754.0,2017,1,12,3
1294,葡萄柚-紅肉,H4,15.0,9.0,三重區,241,11.5,11.2,385.0,2017,1,13,4
1295,葡萄柚-紅肉,H4,11.0,9.8,三重區,241,10.8,11.0,3020.0,2017,1,14,5
1296,葡萄柚-紅肉,H4,6.0,6.0,三重區,241,6.0,6.0,200.0,2017,1,15,6
1297,葡萄柚-紅肉,H4,12.6,6.0,三重區,241,8.2,7.4,918.0,2017,1,17,1
1298,葡萄柚-紅肉,H4,8.0,8.0,三重區,241,8.0,8.0,2773.0,2017,1,18,2
1299,葡萄柚-紅肉,H4,9.4,8.0,三重區,241,8.3,8.0,1028.0,2017,1,19,3
1300,葡萄柚-紅肉,H4,7.0,7.0,三重區,241,7.0,7.0,1675.0,2017,1,20,4
1301,葡萄柚-紅肉,H4,8.9,7.0,三重區,241,7.4,7.0,2776.0,2017,1,21,5
1302,葡萄柚-紅肉,H4,13.0,8.0,三重區,241,10.8,11.0,153.0,2017,1,22,6
1303,葡萄柚-紅肉,H4,8.5,8.0,三重區,241,8.1,8.0,4036.0,2017,1,24,1
1304,葡萄柚-紅肉,H4,7.2,7.0,三重區,241,7.0,7.0,1806.0,2017,1,25,2
1305,葡萄柚-紅肉,H4,10.0,8.0,三重區,241,8.9,8.8,203.0,2017,1,26,3
1306,葡萄柚-紅肉,H4,10.0,10.0,三重區,241,10.0,10.0,21.0,2017,1,27,4
1307,葡萄柚-紅肉,H4,7.0,7.0,三重區,241,7.0,7.0,247.0,2017,2,2,3
1308,葡萄柚-紅肉,H4,7.0,7.0,三重區,241,7.0,7.0,600.0,2017,2,3,4
1309,葡萄柚-紅肉,H4,7.0,7.0,三重區,241,7.0,7.0,95.0,2017,2,4,5
1310,葡萄柚-紅肉,H4,7.0,7.0,三重區,241,7.0,7.0,4671.0,2017,2,7,1
1311,葡萄柚-紅肉,H4,7.0,7.0,三重區,241,7.0,7.0,1143.0,2017,2,8,2
1312,葡萄柚-紅肉,H4,7.4,7.0,三重區,241,7.1,7.0,4157.0,2017,2,9,3
1313,葡萄柚-紅肉,H4,6.0,6.0,三重區,241,6.0,6.0,4308.0,2017,2,10,4
1314,葡萄柚-紅肉,H4,7.0,7.0,三重區,241,7.0,7.0,4776.0,2017,2,14,1
1315,葡萄柚-紅肉,H4,7.0,7.0,三重區,241,7.0,7.0,152.0,2017,2,15,2
1316,葡萄柚-紅肉,H4,7.0,7.0,三重區,241,7.0,7.0,778.0,2017,2,16,3
1317,葡萄柚-紅肉,H4,13.1,7.0,三重區,241,9.2,8.6,1073.0,2017,2,17,4
1318,葡萄柚-紅肉,H4,12.9,9.0,三重區,241,10.2,9.7,410.0,2017,2,18,5
1319,葡萄柚-紅肉,H4,8.0,8.0,三重區,241,8.0,8.0,310.0,2017,2,19,6
1320,葡萄柚-紅肉,H4,8.0,8.0,三重區,241,8.0,8.0,4040.0,2017,2,21,1
1321,葡萄柚-紅肉,H4,14.9,8.0,三重區,241,9.4,8.0,1376.0,2017,2,22,2
1322,葡萄柚-紅肉,H4,14.4,13.0,三重區,241,13.3,13.0,1726.6,2017,2,23,3
1323,葡萄柚-紅肉,H4,24.0,8.0,三重區,241,18.6,20.4,286.0,2017,2,24,4
1324,葡萄柚-紅肉,H4,6.0,6.0,三重區,241,6.0,6.0,2918.0,2017,2,25,5
1325,葡萄柚-紅肉,H4,6.0,6.0,三重區,241,6.0,6.0,144.0,2017,2,26,6
1326,葡萄柚-紅肉,H4,6.0,6.0,三重區,241,6.0,6.0,391.0,2017,2,28,1
1327,葡萄柚-紅肉,H4,6.0,6.0,三重區,241,6.0,6.0,312.0,2017,3,2,3
1328,葡萄柚-紅肉,H4,14.1,6.0,三重區,241,7.8,6.2,615.0,2017,3,3,4
1329,葡萄柚-紅肉,H4,18.0,12.0,三重區,241,14.9,14.9,37.0,2017,3,5,6
1330,葡萄柚-紅肉,H4,11.0,11.0,三重區,241,11.0,11.0,3846.0,2017,3,7,1
1331,葡萄柚-紅肉,H4,22.0,16.8,三重區,241,20.6,21.5,142.0,2017,3,9,3
1332,葡萄柚-紅肉,H4,16.4,14.3,三重區,241,15.1,15.0,3316.0,2017,3,10,4
1333,葡萄柚-紅肉,H4,22.6,9.2,三重區,241,18.3,19.9,286.0,2017,3,11,5
1334,葡萄柚-紅肉,H4,14.0,14.0,三重區,241,14.0,14.0,240.0,2017,3,15,2
1335,葡萄柚-紅肉,H4,14.0,14.0,三重區,241,14.0,14.0,198.0,2017,3,19,6
1336,葡萄柚-紅肉,H4,14.0,14.0,三重區,241,14.0,14.0,345.0,2017,3,21,1
1337,葡萄柚-紅肉,H4,14.0,14.0,三重區,241,14.0,14.0,2299.0,2017,3,25,5
1338,葡萄柚-紅肉,H4,14.0,14.0,三重區,241,14.0,14.0,1364.0,2017,3,26,6
1339,葡萄柚-紅肉,H4,14.0,14.0,三重區,241,14.0,14.0,50.0,2017,4,8,5
1340,葡萄柚-紅肉,H4,14.0,14.0,三重區,241,14.0,14.0,660.0,2017,4,9,6
1341,葡萄柚-紅肉,H4,14.0,14.0,三重區,241,14.0,14.0,300.0,2017,4,15,5
1342,葡萄柚-紅肉,H4,14.0,14.0,三重區,241,14.0,14.0,621.0,2017,4,16,6
1343,葡萄柚-紅肉,H4,14.0,14.0,三重區,241,14.0,14.0,520.0,2017,4,18,1
1344,葡萄柚-紅肉,H4,14.0,14.0,三重區,241,14.0,14.0,320.0,2017,4,19,2
1345,葡萄柚-紅肉,H4,14.0,14.0,三重區,241,14.0,14.0,352.0,2017,4,23,6
1346,葡萄柚-紅肉,H4,14.0,14.0,三重區,241,14.0,14.0,572.0,2017,4,26,2
1347,葡萄柚-紅肉,H4,20.0,20.0,三重區,241,20.0,20.0,400.0,2017,5,7,6
1348,葡萄柚-紅肉,H4,20.0,20.0,三重區,241,20.0,20.0,978.0,2017,5,9,1
1349,葡萄柚-紅肉,H4,20.0,20.0,三重區,241,20.0,20.0,240.0,2017,5,13,5
1350,葡萄柚-紅肉,H4,20.0,20.0,三重區,241,20.0,20.0,1112.0,2017,5,14,6
1351,葡萄柚-紅肉,H4,25.0,25.0,三重區,241,25.0,25.0,657.0,2017,5,23,1
1352,葡萄柚-紅肉,H4,15.0,15.0,三重區,241,15.0,15.0,260.0,2017,6,6,1
1353,葡萄柚-紅肉,H4,15.0,15.0,三重區,241,15.0,15.0,700.0,2017,6,7,2
1354,葡萄柚-紅肉,H4,15.0,15.0,三重區,241,15.0,15.0,330.0,2017,6,9,4
1355,葡萄柚-紅肉,H4,15.0,15.0,三重區,241,15.0,15.0,340.0,2017,6,10,5
1356,葡萄柚-紅肉,H4,15.0,15.0,三重區,241,15.0,15.0,380.0,2017,6,13,1
1357,葡萄柚-紅肉,H4,15.0,15.0,三重區,241,15.0,15.0,240.0,2017,6,15,3
1358,葡萄柚-紅肉,H4,15.0,15.0,三重區,241,15.0,15.0,1028.0,2017,6,21,2
1359,葡萄柚-紅肉,H4,15.0,15.0,三重區,241,15.0,15.0,660.0,2017,6,22,3
1360,葡萄柚-紅肉,H4,10.0,10.0,三重區,241,10.0,10.0,40.0,2017,6,25,6
1361,葡萄柚-紅肉,H4,10.0,10.0,三重區,241,10.0,10.0,360.0,2017,6,27,1
1362,葡萄柚-紅肉,H4,10.0,10.0,三重區,241,10.0,10.0,360.0,2017,6,28,2
1363,葡萄柚-紅肉,H4,15.0,15.0,三重區,241,15.0,15.0,400.0,2017,7,2,6
1364,葡萄柚-紅肉,H4,15.0,15.0,三重區,241,15.0,15.0,552.0,2017,7,4,1
1365,葡萄柚-紅肉,H4,10.0,10.0,三重區,241,10.0,10.0,15.0,2017,8,13,6
1366,葡萄柚-紅肉,H4,45.0,17.6,三重區,241,35.3,37.9,144.0,2017,9,5,1
1367,葡萄柚-紅肉,H4,24.9,11.0,三重區,241,13.8,11.0,234.0,2017,9,27,2
1368,葡萄柚-紅肉,H4,22.0,22.0,三重區,241,22.0,22.0,270.0,2017,9,28,3
1369,葡萄柚-紅肉,H4,20.0,15.0,三重區,241,18.9,19.8,246.0,2017,9,30,5
1370,葡萄柚-紅肉,H4,13.0,13.0,三重區,241,13.0,13.0,162.0,2017,10,1,6
1371,葡萄柚-紅肉,H4,10.0,5.1,三重區,241,7.4,7.4,178.0,2017,10,3,1
1372,葡萄柚-紅肉,H4,7.0,6.0,三重區,241,6.2,6.0,158.0,2017,10,4,2
1373,葡萄柚-紅肉,H4,9.0,9.0,三重區,241,9.0,9.0,104.0,2017,10,10,1
1374,葡萄柚-紅肉,H4,10.0,10.0,三重區,241,10.0,10.0,242.0,2017,10,11,2
1375,葡萄柚-紅肉,H4,12.0,12.0,三重區,241,12.0,12.0,565.0,2017,10,12,3
1376,葡萄柚-紅肉,H4,6.0,6.0,三重區,241,6.0,6.0,70.0,2017,10,17,1
1377,葡萄柚-紅肉,H4,10.0,10.0,三重區,241,10.0,10.0,270.0,2017,10,18,2
1378,葡萄柚-紅肉,H4,10.0,10.0,三重區,241,10.0,10.0,804.0,2017,10,19,3
1379,葡萄柚-紅肉,H4,6.0,6.0,三重區,241,6.0,6.0,72.0,2017,10,20,4
1380,葡萄柚-紅肉,H4,10.0,10.0,三重區,241,10.0,10.0,320.0,2017,10,21,5
1381,葡萄柚-紅肉,H4,10.0,8.8,三重區,241,9.8,10.0,611.0,2017,10,24,1
1382,葡萄柚-紅肉,H4,10.0,10.0,三重區,241,10.0,10.0,192.0,2017,10,25,2
1383,葡萄柚-紅肉,H4,15.0,7.3,三重區,241,11.6,11.9,270.0,2017,10,26,3
1384,葡萄柚-紅肉,H4,10.0,10.0,三重區,241,10.0,10.0,190.0,2017,10,28,5
1385,葡萄柚-紅肉,H4,10.0,10.0,三重區,241,10.0,10.0,285.0,2017,10,29,6
1386,葡萄柚-紅肉,H4,21.0,20.0,三重區,241,20.5,20.5,180.0,2017,11,1,2
1387,葡萄柚-紅肉,H4,22.0,20.0,三重區,241,20.6,20.4,234.0,2017,11,2,3
1388,葡萄柚-紅肉,H4,12.0,12.0,三重區,241,12.0,12.0,80.0,2017,11,3,4
1389,葡萄柚-紅肉,H4,21.6,16.0,三重區,241,18.8,18.7,576.0,2017,11,4,5
1390,葡萄柚-紅肉,H4,20.0,9.6,三重區,241,15.7,16.3,444.0,2017,11,5,6
1391,葡萄柚-紅肉,H4,14.6,7.0,三重區,241,9.0,7.8,1366.0,2017,11,7,1
1392,葡萄柚-紅肉,H4,10.0,8.8,三重區,241,9.6,9.8,774.0,2017,11,8,2
1393,葡萄柚-紅肉,H4,12.0,12.0,三重區,241,12.0,12.0,1084.0,2017,11,10,4
1394,葡萄柚-紅肉,H4,11.3,6.6,三重區,241,9.3,9.6,645.0,2017,11,11,5
1395,葡萄柚-紅肉,H4,15.0,12.0,三重區,241,12.8,12.4,220.0,2017,11,12,6
1396,葡萄柚-紅肉,H4,10.0,10.0,三重區,241,10.0,10.0,1872.0,2017,11,14,1
1397,葡萄柚-紅肉,H4,10.0,10.0,三重區,241,10.0,10.0,204.0,2017,11,15,2
1398,葡萄柚-紅肉,H4,10.0,10.0,三重區,241,10.0,10.0,382.0,2017,11,16,3
1399,葡萄柚-紅肉,H4,13.0,10.0,三重區,241,11.4,11.3,90.0,2017,11,17,4
1400,葡萄柚-紅肉,H4,10.0,10.0,三重區,241,10.0,10.0,594.0,2017,11,18,5
1401,葡萄柚-紅肉,H4,10.0,10.0,三重區,241,10.0,10.0,220.0,2017,11,21,1
1402,葡萄柚-紅肉,H4,10.0,10.0,三重區,241,10.0,10.0,96.0,2017,11,22,2
1403,葡萄柚-紅肉,H4,10.0,10.0,三重區,241,10.0,10.0,960.0,2017,11,23,3
1404,葡萄柚-紅肉,H4,10.0,10.0,三重區,241,10.0,10.0,342.0,2017,11,24,4
1405,葡萄柚-紅肉,H4,10.0,10.0,三重區,241,10.0,10.0,386.0,2017,11,28,1
1406,葡萄柚-紅肉,H4,11.0,6.9,三重區,241,9.3,9.5,474.0,2017,11,29,2
1407,葡萄柚-紅肉,H4,10.0,7.2,三重區,241,8.3,8.1,564.0,2017,11,30,3
1408,葡萄柚-紅肉,H4,12.8,7.9,三重區,241,10.1,10.0,892.0,2017,12,1,4
1409,葡萄柚-紅肉,H4,10.0,10.0,三重區,241,10.0,10.0,1701.0,2017,12,2,5
1410,葡萄柚-紅肉,H4,6.0,6.0,三重區,241,6.0,6.0,220.0,2017,12,3,6
1411,葡萄柚-紅肉,H4,6.0,4.0,三重區,241,5.3,5.5,816.0,2017,12,5,1
1412,葡萄柚-紅肉,H4,10.0,10.0,三重區,241,10.0,10.0,954.0,2017,12,7,3
1413,葡萄柚-紅肉,H4,12.0,12.0,三重區,241,12.0,12.0,258.0,2017,12,15,4
1414,葡萄柚-紅肉,H4,14.7,13.0,三重區,241,13.3,13.0,432.0,2017,12,16,5
1415,葡萄柚-紅肉,H4,12.0,12.0,三重區,241,12.0,12.0,2786.0,2017,12,19,1
1416,葡萄柚-紅肉,H4,14.0,14.0,三重區,241,14.0,14.0,90.0,2017,12,22,4
1417,葡萄柚-紅肉,H4,14.0,14.0,三重區,241,14.0,14.0,1298.0,2017,12,23,5
1418,葡萄柚-紅肉,H4,13.0,13.0,三重區,241,13.0,13.0,942.0,2017,12,24,6
1419,葡萄柚-紅肉,H4,13.0,13.0,三重區,241,13.0,13.0,1870.0,2017,12,26,1
1420,葡萄柚-紅肉,H4,13.0,13.0,三重區,241,13.0,13.0,522.0,2017,12,27,2
1421,葡萄柚-紅肉,H4,12.0,5.4,三重區,241,10.4,11.5,800.0,2017,12,29,4
1422,葡萄柚-紅肉,H4,10.0,10.0,三重區,241,10.0,10.0,551.0,2017,12,30,5
1423,葡萄柚-紅肉,H4,12.0,12.0,三重區,241,12.0,12.0,630.0,2017,12,31,6
1424,葡萄柚-紅肉,H4,13.0,9.0,三重區,241,12.2,13.0,2572.0,2018,1,3,2
1425,葡萄柚-紅肉,H4,5.0,5.0,三重區,241,5.0,5.0,200.0,2018,1,4,3
1426,葡萄柚-紅肉,H4,12.0,5.4,三重區,241,10.5,11.7,659.0,2018,1,5,4
1427,葡萄柚-紅肉,H4,12.0,12.0,三重區,241,12.0,12.0,312.0,2018,1,6,5
1428,葡萄柚-紅肉,H4,12.0,3.0,三重區,241,9.0,9.9,348.0,2018,1,7,6
1429,葡萄柚-紅肉,H4,12.0,12.0,三重區,241,12.0,12.0,792.0,2018,1,11,3
1430,葡萄柚-紅肉,H4,13.0,13.0,三重區,241,13.0,13.0,414.0,2018,1,13,5
1431,葡萄柚-紅肉,H4,13.0,13.0,三重區,241,13.0,13.0,180.0,2018,1,14,6
1432,葡萄柚-紅肉,H4,6.0,4.0,三重區,241,4.5,4.2,343.0,2018,1,16,1
1433,葡萄柚-紅肉,H4,13.0,8.7,三重區,241,12.1,13.0,1104.0,2018,1,17,2
1434,葡萄柚-紅肉,H4,13.0,13.0,三重區,241,13.0,13.0,110.0,2018,1,18,3
1435,葡萄柚-紅肉,H4,13.0,13.0,三重區,241,13.0,13.0,234.0,2018,1,19,4
1436,葡萄柚-紅肉,H4,21.0,4.0,三重區,241,16.2,18.6,126.0,2018,1,25,3
1437,葡萄柚-紅肉,H4,4.0,4.0,三重區,241,4.0,4.0,36.0,2018,1,26,4
1438,葡萄柚-紅肉,H4,5.0,5.0,三重區,241,5.0,5.0,144.0,2018,1,27,5
1439,葡萄柚-紅肉,H4,5.0,5.0,三重區,241,5.0,5.0,87.0,2018,1,28,6
1440,葡萄柚-紅肉,H4,12.0,12.0,三重區,241,12.0,12.0,943.0,2018,1,30,1
1441,葡萄柚-紅肉,H4,13.0,13.0,三重區,241,13.0,13.0,176.0,2018,2,2,4
1442,葡萄柚-紅肉,H4,13.0,13.0,三重區,241,13.0,13.0,180.0,2018,2,4,6
1443,葡萄柚-紅肉,H4,13.0,13.0,三重區,241,13.0,13.0,432.0,2018,2,6,1
1444,葡萄柚-紅肉,H4,13.0,13.0,三重區,241,13.0,13.0,2185.0,2018,2,9,4
1445,葡萄柚-紅肉,H4,13.0,13.0,三重區,241,13.0,13.0,2277.0,2018,2,10,5
1446,葡萄柚-紅肉,H4,13.0,13.0,三重區,241,13.0,13.0,334.0,2018,2,11,6
1447,葡萄柚-紅肉,H4,12.0,6.5,三重區,241,10.9,12.0,1770.0,2018,2,12,0
1448,葡萄柚-紅肉,H4,12.0,12.0,三重區,241,12.0,12.0,360.0,2018,2,21,2
1449,葡萄柚-紅肉,H4,12.0,4.7,三重區,241,9.7,10.7,577.0,2018,2,22,3
1450,葡萄柚-紅肉,H4,12.8,10.1,三重區,241,11.8,12.0,422.0,2018,2,27,1
1451,葡萄柚-紅肉,H4,12.0,12.0,三重區,241,12.0,12.0,832.0,2018,2,28,2
1452,葡萄柚-紅肉,H4,5.9,4.0,三重區,241,4.6,4.4,81.0,2018,3,1,3
1453,葡萄柚-紅肉,H4,12.0,8.0,三重區,241,9.8,9.7,198.0,2018,3,2,4
1454,葡萄柚-紅肉,H4,12.0,6.1,三重區,241,10.6,11.6,285.0,2018,3,3,5
1455,葡萄柚-紅肉,H4,12.0,12.0,三重區,241,12.0,12.0,774.0,2018,3,9,4
1456,葡萄柚-紅肉,H4,12.0,12.0,三重區,241,12.0,12.0,360.0,2018,3,10,5
1457,葡萄柚-紅肉,H4,12.0,12.0,三重區,241,12.0,12.0,540.0,2018,3,13,1
1458,葡萄柚-紅肉,H4,13.0,12.0,三重區,241,12.2,12.0,2676.0,2018,3,14,2
1459,葡萄柚-紅肉,H4,16.1,11.7,三重區,241,13.1,12.6,506.0,2018,3,15,3
1460,葡萄柚-紅肉,H4,12.2,12.0,三重區,241,12.0,12.0,489.0,2018,3,16,4
1461,葡萄柚-紅肉,H4,12.0,12.0,三重區,241,12.0,12.0,270.0,2018,3,18,6
1462,葡萄柚-紅肉,H4,12.0,12.0,三重區,241,12.0,12.0,1104.0,2018,3,20,1
1463,葡萄柚-紅肉,H4,12.0,12.0,三重區,241,12.0,12.0,900.0,2018,3,21,2
1464,葡萄柚-紅肉,H4,13.0,13.0,三重區,241,13.0,13.0,161.0,2018,3,23,4
1465,葡萄柚-紅肉,H4,14.0,10.0,三重區,241,12.9,13.4,126.0,2018,3,25,6
1466,葡萄柚-紅肉,H4,13.3,13.0,三重區,241,13.1,13.0,4295.0,2018,3,27,1
1467,葡萄柚-紅肉,H4,14.7,13.0,三重區,241,13.4,13.0,1240.0,2018,3,28,2
1468,葡萄柚-紅肉,H4,15.6,12.9,三重區,241,13.5,13.0,1048.0,2018,3,29,3
1469,葡萄柚-紅肉,H4,13.6,10.6,三重區,241,12.6,12.9,1061.0,2018,3,30,4
1470,葡萄柚-紅肉,H4,21.0,12.0,三重區,241,15.0,14.0,60.0,2018,3,31,5
1471,葡萄柚-紅肉,H4,12.0,12.0,三重區,241,12.0,12.0,660.0,2018,4,1,6
1472,葡萄柚-紅肉,H4,15.0,12.0,三重區,241,12.6,12.0,2353.0,2018,4,3,1
1473,葡萄柚-紅肉,H4,12.0,12.0,三重區,241,12.0,12.0,855.0,2018,4,4,2
1474,葡萄柚-紅肉,H4,12.0,12.0,三重區,241,12.0,12.0,1903.0,2018,4,7,5
1475,葡萄柚-紅肉,H4,12.0,12.0,三重區,241,12.0,12.0,792.0,2018,4,8,6
1476,葡萄柚-紅肉,H4,12.0,12.0,三重區,241,12.0,12.0,464.0,2018,4,10,1
1477,葡萄柚-紅肉,H4,12.0,12.0,三重區,241,12.0,12.0,2643.0,2018,4,11,2
1478,葡萄柚-紅肉,H4,12.0,12.0,三重區,241,12.0,12.0,620.0,2018,4,12,3
1479,葡萄柚-紅肉,H4,12.0,12.0,三重區,241,12.0,12.0,1430.0,2018,4,14,5
1480,葡萄柚-紅肉,H4,12.0,12.0,三重區,241,12.0,12.0,3556.0,2018,4,17,1
1481,葡萄柚-紅肉,H4,12.0,12.0,三重區,241,12.0,12.0,1064.0,2018,4,18,2
1482,葡萄柚-紅肉,H4,13.0,13.0,三重區,241,13.0,13.0,1034.0,2018,4,20,4
1483,葡萄柚-紅肉,H4,13.0,13.0,三重區,241,13.0,13.0,660.0,2018,4,21,5
1484,葡萄柚-紅肉,H4,13.0,13.0,三重區,241,13.0,13.0,880.0,2018,4,22,6
1485,葡萄柚-紅肉,H4,13.0,13.0,三重區,241,13.0,13.0,1112.0,2018,4,24,1
1486,葡萄柚-紅肉,H4,20.9,15.3,三重區,241,18.9,19.5,288.0,2018,4,25,2
1487,葡萄柚-紅肉,H4,13.6,12.3,三重區,241,13.0,13.0,1304.0,2018,4,26,3
1488,葡萄柚-紅肉,H4,13.4,13.0,三重區,241,13.1,13.0,4956.0,2018,4,27,4
1489,葡萄柚-紅肉,H4,13.0,13.0,三重區,241,13.0,13.0,1971.0,2018,4,28,5
1490,葡萄柚-紅肉,H4,13.0,13.0,三重區,241,13.0,13.0,1472.0,2018,4,29,6
1491,葡萄柚-紅肉,H4,13.0,13.0,三重區,241,13.0,13.0,878.0,2018,5,1,1
1492,葡萄柚-紅肉,H4,13.0,13.0,三重區,241,13.0,13.0,1848.0,2018,5,2,2
1493,葡萄柚-紅肉,H4,13.0,13.0,三重區,241,13.0,13.0,1050.0,2018,5,3,3
1494,葡萄柚-紅肉,H4,13.0,13.0,三重區,241,13.0,13.0,480.0,2018,5,4,4
1495,葡萄柚-紅肉,H4,13.0,13.0,三重區,241,13.0,13.0,854.0,2018,5,5,5
1496,葡萄柚-紅肉,H4,12.0,12.0,三重區,241,12.0,12.0,262.0,2018,5,6,6
1497,葡萄柚-紅肉,H4,12.0,11.7,三重區,241,12.0,12.0,3458.0,2018,5,8,1
1498,葡萄柚-紅肉,H4,12.0,12.0,三重區,241,12.0,12.0,660.0,2018,5,9,2
1499,葡萄柚-紅肉,H4,13.0,13.0,三重區,241,13.0,13.0,660.0,2018,5,10,3
1500,葡萄柚-紅肉,H4,13.0,13.0,三重區,241,13.0,13.0,375.0,2018,5,12,5
1501,葡萄柚-紅肉,H4,13.0,13.0,三重區,241,13.0,13.0,440.0,2018,5,13,6
1502,葡萄柚-紅肉,H4,13.0,13.0,三重區,241,13.0,13.0,420.0,2018,5,15,1
1503,葡萄柚-紅肉,H4,13.0,13.0,三重區,241,13.0,13.0,840.0,2018,5,16,2
1504,葡萄柚-紅肉,H4,12.0,12.0,三重區,241,12.0,12.0,720.0,2018,5,18,4
1505,葡萄柚-紅肉,H4,12.0,6.0,三重區,241,8.9,8.8,568.0,2018,5,19,5
1506,葡萄柚-紅肉,H4,12.0,11.9,三重區,241,12.0,12.0,2889.0,2018,5,22,1
1507,葡萄柚-紅肉,H4,12.0,12.0,三重區,241,12.0,12.0,506.0,2018,5,23,2
1508,葡萄柚-紅肉,H4,12.0,12.0,三重區,241,12.0,12.0,238.0,2018,5,25,4
1509,葡萄柚-紅肉,H4,12.0,12.0,三重區,241,12.0,12.0,558.0,2018,5,26,5
1510,葡萄柚-紅肉,H4,13.0,13.0,三重區,241,13.0,13.0,180.0,2018,5,27,6
1511,葡萄柚-紅肉,H4,13.0,13.0,三重區,241,13.0,13.0,960.0,2018,5,29,1
1512,葡萄柚-紅肉,H4,13.0,13.0,三重區,241,13.0,13.0,330.0,2018,6,2,5
1513,葡萄柚-紅肉,H4,12.0,12.0,三重區,241,12.0,12.0,198.0,2018,6,3,6
1514,葡萄柚-紅肉,H4,12.0,12.0,三重區,241,12.0,12.0,1357.0,2018,6,5,1
1515,葡萄柚-紅肉,H4,12.0,12.0,三重區,241,12.0,12.0,748.0,2018,6,6,2
1516,葡萄柚-紅肉,H4,6.0,6.0,三重區,241,6.0,6.0,36.0,2018,6,7,3
1517,葡萄柚-紅肉,H4,13.0,13.0,三重區,241,13.0,13.0,1210.0,2018,6,12,1
1518,葡萄柚-紅肉,H4,13.0,13.0,三重區,241,13.0,13.0,432.0,2018,6,14,3
1519,葡萄柚-紅肉,H4,13.0,13.0,三重區,241,13.0,13.0,20.0,2018,6,17,6
1520,葡萄柚-紅肉,H4,13.0,13.0,三重區,241,13.0,13.0,396.0,2018,6,21,3
1521,葡萄柚-紅肉,H4,13.0,13.0,三重區,241,13.0,13.0,1922.0,2018,6,26,1
1522,葡萄柚-紅肉,H4,13.0,13.0,三重區,241,13.0,13.0,440.0,2018,6,27,2
1523,葡萄柚-紅肉,H4,13.0,13.0,三重區,241,13.0,13.0,400.0,2018,7,3,1
1524,葡萄柚-紅肉,H4,12.0,12.0,三重區,241,12.0,12.0,770.0,2018,7,13,4
1525,葡萄柚-紅肉,H4,13.0,13.0,三重區,241,13.0,13.0,1017.0,2018,7,24,1
1526,葡萄柚-紅肉,H4,13.0,13.0,三重區,241,13.0,13.0,575.0,2018,7,25,2
1527,葡萄柚-紅肉,H4,13.0,13.0,三重區,241,13.0,13.0,588.0,2018,7,26,3
1528,葡萄柚-紅肉,H4,15.0,15.0,三重區,241,15.0,15.0,441.0,2018,8,7,1
1529,葡萄柚-紅肉,H4,15.0,15.0,三重區,241,15.0,15.0,462.0,2018,8,8,2
1530,葡萄柚-紅肉,H4,15.0,15.0,三重區,241,15.0,15.0,462.0,2018,8,9,3
1531,葡萄柚-紅肉,H4,15.0,15.0,三重區,241,15.0,15.0,144.0,2018,8,11,5
1532,葡萄柚-紅肉,H4,14.0,14.0,三重區,241,14.0,14.0,63.0,2018,8,15,2
1533,葡萄柚-紅肉,H4,15.0,15.0,三重區,241,15.0,15.0,609.0,2018,8,18,5
1534,葡萄柚-紅肉,H4,15.0,15.0,三重區,241,15.0,15.0,381.0,2018,8,19,6
1535,葡萄柚-紅肉,H4,15.0,15.0,三重區,241,15.0,15.0,506.0,2018,8,22,2
1536,葡萄柚-紅肉,H4,15.0,15.0,三重區,241,15.0,15.0,1010.0,2018,8,23,3
1537,葡萄柚-紅肉,H4,14.0,14.0,三重區,241,14.0,14.0,460.0,2018,8,25,5
1538,葡萄柚-紅肉,H4,14.0,14.0,三重區,241,14.0,14.0,775.0,2018,8,28,1
1539,葡萄柚-紅肉,H4,13.0,13.0,三重區,241,13.0,13.0,432.0,2018,8,31,4
1540,葡萄柚-紅肉,H4,10.0,10.0,三重區,241,10.0,10.0,1153.0,2018,9,1,5
1541,葡萄柚-紅肉,H4,10.0,10.0,三重區,241,10.0,10.0,940.0,2018,9,2,6
1542,葡萄柚-紅肉,H4,10.0,10.0,三重區,241,10.0,10.0,222.0,2018,9,4,1
1543,葡萄柚-紅肉,H4,13.0,13.0,三重區,241,13.0,13.0,1263.0,2018,9,5,2
1544,葡萄柚-紅肉,H4,9.0,9.0,三重區,241,9.0,9.0,22.0,2018,9,6,3
1545,葡萄柚-紅肉,H4,9.0,9.0,三重區,241,9.0,9.0,722.0,2018,9,8,5
1546,葡萄柚-紅肉,H4,20.0,17.0,三重區,241,17.8,17.3,72.0,2018,9,9,6
1547,葡萄柚-紅肉,H4,25.0,12.0,三重區,241,20.4,21.7,660.0,2018,9,11,1
1548,葡萄柚-紅肉,H4,26.0,20.0,三重區,241,24.0,24.6,339.0,2018,9,12,2
1549,葡萄柚-紅肉,H4,23.0,18.0,三重區,241,21.1,21.5,474.0,2018,9,13,3
1550,葡萄柚-紅肉,H4,23.0,18.0,三重區,241,20.8,20.9,537.0,2018,9,14,4
1551,葡萄柚-紅肉,H4,22.0,7.8,三重區,241,16.3,17.3,1252.0,2018,9,15,5
1552,葡萄柚-紅肉,H4,10.0,5.4,三重區,241,7.6,7.6,171.0,2018,9,16,6
1553,葡萄柚-紅肉,H4,20.3,10.6,三重區,241,13.9,12.9,936.0,2018,9,18,1
1554,葡萄柚-紅肉,H4,14.1,10.3,三重區,241,12.6,12.9,1010.0,2018,9,19,2
1555,葡萄柚-紅肉,H4,10.0,10.0,三重區,241,10.0,10.0,348.0,2018,9,20,3
1556,葡萄柚-紅肉,H4,15.0,12.0,三重區,241,13.2,12.9,197.0,2018,9,21,4
1557,葡萄柚-紅肉,H4,12.0,12.0,三重區,241,12.0,12.0,404.0,2018,9,22,5
1558,葡萄柚-紅肉,H4,8.0,8.0,三重區,241,8.0,8.0,72.0,2018,9,23,6
1559,葡萄柚-紅肉,H4,17.0,15.0,三重區,241,16.6,17.0,180.0,2018,9,24,0
1560,葡萄柚-紅肉,H4,15.0,15.0,三重區,241,15.0,15.0,1038.0,2018,9,27,3
1561,葡萄柚-紅肉,H4,12.0,12.0,三重區,241,12.0,12.0,1108.0,2018,9,29,5
1562,葡萄柚-紅肉,H4,11.0,11.0,三重區,241,11.0,11.0,478.0,2018,9,30,6
1563,葡萄柚-紅肉,H4,11.0,11.0,三重區,241,11.0,11.0,232.0,2018,10,2,1
1564,葡萄柚-紅肉,H4,12.0,10.2,三重區,241,11.6,12.0,393.0,2018,10,3,2
1565,葡萄柚-紅肉,H4,10.0,10.0,三重區,241,10.0,10.0,196.0,2018,10,4,3
1566,葡萄柚-紅肉,H4,10.0,10.0,三重區,241,10.0,10.0,1221.0,2018,10,5,4
1567,葡萄柚-紅肉,H4,10.0,10.0,三重區,241,10.0,10.0,3248.0,2018,10,6,5
1568,葡萄柚-紅肉,H4,10.0,9.0,三重區,241,9.7,9.9,3539.0,2018,10,7,6
1569,葡萄柚-紅肉,H4,10.0,5.7,三重區,241,8.4,8.8,373.0,2018,10,9,1
1570,葡萄柚-紅肉,H4,6.0,6.0,三重區,241,6.0,6.0,375.0,2018,10,11,3
1571,葡萄柚-紅肉,H4,6.0,6.0,三重區,241,6.0,6.0,324.0,2018,10,12,4
1572,葡萄柚-紅肉,H4,10.0,10.0,三重區,241,10.0,10.0,1794.0,2018,10,13,5
1573,葡萄柚-紅肉,H4,13.0,13.0,三重區,241,13.0,13.0,1851.0,2018,10,16,1
1574,葡萄柚-紅肉,H4,9.0,5.2,三重區,241,8.2,9.0,920.0,2018,10,17,2
1575,葡萄柚-紅肉,H4,12.0,12.0,三重區,241,12.0,12.0,462.0,2018,10,20,5
1576,葡萄柚-紅肉,H4,4.0,3.0,三重區,241,3.8,3.9,219.0,2018,10,23,1
1577,葡萄柚-紅肉,H4,7.0,7.0,三重區,241,7.0,7.0,1296.0,2018,10,24,2
1578,葡萄柚-紅肉,H4,11.0,11.0,三重區,241,11.0,11.0,45.0,2018,10,27,5
1579,葡萄柚-紅肉,H4,11.0,5.5,三重區,241,9.5,10.4,1380.0,2018,10,28,6
1580,葡萄柚-紅肉,H4,7.0,7.0,三重區,241,7.0,7.0,246.0,2018,10,30,1
1581,葡萄柚-紅肉,H4,6.0,3.0,三重區,241,4.1,3.9,160.0,2018,11,1,3
1582,葡萄柚-紅肉,H4,5.0,4.0,三重區,241,4.3,4.1,132.0,2018,11,6,1
1583,葡萄柚-紅肉,H4,8.0,8.0,三重區,241,8.0,8.0,168.0,2018,11,7,2
1584,葡萄柚-紅肉,H4,7.0,5.0,三重區,241,5.7,5.6,342.0,2018,11,8,3
1585,葡萄柚-紅肉,H4,6.0,6.0,三重區,241,6.0,6.0,34.0,2018,11,11,6
1586,葡萄柚-紅肉,H4,6.0,6.0,三重區,241,6.0,6.0,3359.0,2018,11,13,1
1587,葡萄柚-紅肉,H4,6.0,6.0,三重區,241,6.0,6.0,18.0,2018,11,14,2
1588,葡萄柚-紅肉,H4,12.0,6.0,三重區,241,7.3,6.1,422.0,2018,11,15,3
1589,葡萄柚-紅肉,H4,10.7,5.0,三重區,241,7.9,7.9,328.0,2018,11,16,4
1590,葡萄柚-紅肉,H4,6.0,6.0,三重區,241,6.0,6.0,1509.0,2018,11,17,5
1591,葡萄柚-紅肉,H4,7.0,6.5,三重區,241,6.9,7.0,1922.0,2018,11,20,1
1592,葡萄柚-紅肉,H4,7.0,4.0,三重區,241,6.0,6.3,674.0,2018,11,21,2
1593,葡萄柚-紅肉,H4,19.5,10.0,三重區,241,12.4,10.7,468.0,2018,11,22,3
1594,葡萄柚-紅肉,H4,10.0,8.0,三重區,241,9.6,10.0,2500.0,2018,11,23,4
1595,葡萄柚-紅肉,H4,7.0,7.0,三重區,241,7.0,7.0,72.0,2018,11,27,1
1596,葡萄柚-紅肉,H4,8.0,8.0,三重區,241,8.0,8.0,224.0,2018,11,29,3
1597,葡萄柚-紅肉,H4,8.0,8.0,三重區,241,8.0,8.0,1978.0,2018,11,30,4
1598,葡萄柚-紅肉,H4,8.0,8.0,三重區,241,8.0,8.0,475.0,2018,12,1,5
1599,葡萄柚-紅肉,H4,8.0,8.0,三重區,241,8.0,8.0,200.0,2018,12,2,6
1600,葡萄柚-紅肉,H4,13.4,7.1,三重區,241,9.0,8.1,2957.0,2018,12,4,1
1601,葡萄柚-紅肉,H4,8.0,6.9,三重區,241,7.8,8.0,2890.0,2018,12,5,2
1602,葡萄柚-紅肉,H4,6.0,4.0,三重區,241,5.4,5.6,560.0,2018,12,6,3
1603,葡萄柚-紅肉,H4,5.0,4.0,三重區,241,4.4,4.4,248.0,2018,12,7,4
1604,葡萄柚-紅肉,H4,6.7,4.5,三重區,241,5.3,5.2,504.0,2018,12,8,5
1605,葡萄柚-紅肉,H4,3.0,3.0,三重區,241,3.0,3.0,140.0,2018,12,9,6
1606,葡萄柚-紅肉,H4,8.0,7.2,三重區,241,7.8,8.0,285.0,2018,12,15,5
1607,葡萄柚-紅肉,H4,5.0,5.0,三重區,241,5.0,5.0,1968.0,2018,12,16,6
1608,葡萄柚-紅肉,H4,9.3,6.0,三重區,241,6.7,6.0,488.0,2018,12,18,1
1609,葡萄柚-紅肉,H4,14.0,7.0,三重區,241,9.6,9.0,858.0,2018,12,19,2
1610,葡萄柚-紅肉,H4,10.0,6.0,三重區,241,7.6,7.4,648.0,2018,12,20,3
1611,葡萄柚-紅肉,H4,9.1,5.0,三重區,241,6.4,6.0,666.0,2018,12,21,4
1612,葡萄柚-紅肉,H4,15.8,5.2,三重區,241,8.4,7.0,510.0,2018,12,22,5
1613,葡萄柚-紅肉,H4,8.0,8.0,三重區,241,8.0,8.0,95.0,2018,12,23,6
1614,葡萄柚-紅肉,H4,8.7,5.0,三重區,241,6.8,6.8,532.0,2018,12,25,1
1615,葡萄柚-紅肉,H4,10.0,5.8,三重區,241,8.0,8.0,756.0,2018,12,26,2
1616,葡萄柚-紅肉,H4,9.8,6.0,三重區,241,6.8,6.0,478.0,2018,12,27,3
1617,葡萄柚-紅肉,H4,12.0,8.2,三重區,241,10.7,11.1,324.0,2018,12,28,4
1618,葡萄柚-紅肉,H4,8.0,7.9,三重區,241,8.0,8.0,2583.0,2018,12,29,5
1619,葡萄柚-紅肉,H4,10.0,5.7,三重區,241,9.1,10.0,954.0,2018,12,30,6
1620,葡萄柚-紅肉,H4,7.0,5.0,三重區,241,6.3,6.5,318.0,2019,1,1,1
1621,葡萄柚-紅肉,H4,6.5,5.6,三重區,241,6.0,6.0,1238.0,2019,1,2,2
1622,葡萄柚-紅肉,H4,7.0,4.0,三重區,241,4.8,4.3,730.0,2019,1,3,3
1623,葡萄柚-紅肉,H4,8.0,4.4,三重區,241,7.0,7.5,602.0,2019,1,4,4
1624,葡萄柚-紅肉,H4,8.0,6.0,三重區,241,7.6,8.0,1858.0,2019,1,5,5
1625,葡萄柚-紅肉,H4,5.0,3.8,三重區,241,4.2,4.0,569.0,2019,1,6,6
1626,葡萄柚-紅肉,H4,5.0,4.0,三重區,241,4.7,4.8,345.0,2019,1,8,1
1627,葡萄柚-紅肉,H4,8.0,6.7,三重區,241,7.7,8.0,1011.0,2019,1,9,2
1628,葡萄柚-紅肉,H4,8.0,5.0,三重區,241,7.4,8.0,364.0,2019,1,10,3
1629,葡萄柚-紅肉,H4,8.2,6.9,三重區,241,7.8,8.0,2127.0,2019,1,12,5
1630,葡萄柚-紅肉,H4,8.0,5.0,三重區,241,7.1,7.5,344.0,2019,1,13,6
1631,葡萄柚-紅肉,H4,8.2,6.7,三重區,241,7.8,8.0,1585.0,2019,1,15,1
1632,葡萄柚-紅肉,H4,8.1,7.0,三重區,241,7.8,8.0,2625.0,2019,1,16,2
1633,葡萄柚-紅肉,H4,9.8,8.0,三重區,241,8.4,8.0,765.0,2019,1,17,3
1634,葡萄柚-紅肉,H4,10.0,4.0,三重區,241,6.4,6.0,961.0,2019,1,18,4
1635,葡萄柚-紅肉,H4,7.3,4.0,三重區,241,5.1,4.7,1180.0,2019,1,19,5
1636,葡萄柚-紅肉,H4,8.0,4.0,三重區,241,6.0,6.0,495.0,2019,1,20,6
1637,葡萄柚-紅肉,H4,8.9,8.0,三重區,241,8.2,8.0,2844.0,2019,1,22,1
1638,葡萄柚-紅肉,H4,8.0,4.0,三重區,241,6.7,7.1,289.0,2019,1,23,2
1639,葡萄柚-紅肉,H4,6.0,4.0,三重區,241,4.6,4.4,335.0,2019,1,25,4
1640,葡萄柚-紅肉,H4,8.0,5.4,三重區,241,7.5,8.0,953.0,2019,1,26,5
1641,葡萄柚-紅肉,H4,8.0,5.6,三重區,241,7.5,7.9,234.0,2019,1,27,6
1642,葡萄柚-紅肉,H4,8.0,7.4,三重區,241,7.9,8.0,3318.0,2019,1,29,1
1643,葡萄柚-紅肉,H4,8.0,7.7,三重區,241,7.9,8.0,1688.0,2019,1,31,3
1644,葡萄柚-紅肉,H4,8.0,7.1,三重區,241,7.8,8.0,2906.0,2019,2,1,4
1645,葡萄柚-紅肉,H4,5.0,5.0,三重區,241,5.0,5.0,254.0,2019,2,2,5
1646,葡萄柚-紅肉,H4,3.0,3.0,三重區,241,3.0,3.0,323.0,2019,2,3,6
