,crop_name,crop_num,high,low,market_name,market_num,mean,medium,volume,year,month,day,dayofweek
0,番石榴-珍珠芭,P1,41.8,15.2,台中市,400,25.5,23.4,32738.0,2012,1,1,6
1,番石榴-珍珠芭,P1,32.7,15.4,台中市,400,25.4,22.9,32265.0,2012,1,3,1
2,番石榴-珍珠芭,P1,29.0,10.4,台中市,400,21.4,18.8,31568.0,2012,1,4,2
3,番石榴-珍珠芭,P1,28.7,8.4,台中市,400,19.9,16.1,34498.0,2012,1,5,3
4,番石榴-珍珠芭,P1,25.3,9.3,台中市,400,16.4,14.5,30162.0,2012,1,6,4
5,番石榴-珍珠芭,P1,23.4,8.2,台中市,400,16.4,13.8,26587.0,2012,1,7,5
6,番石榴-珍珠芭,P1,32.3,7.4,台中市,400,17.0,14.8,32696.0,2012,1,8,6
7,番石榴-珍珠芭,P1,23.7,9.4,台中市,400,16.3,13.8,34722.0,2012,1,10,1
8,番石榴-珍珠芭,P1,28.9,10.4,台中市,400,17.3,15.5,25460.0,2012,1,11,2
9,番石榴-珍珠芭,P1,24.6,8.8,台中市,400,16.8,15.3,35885.0,2012,1,12,3
10,番石榴-珍珠芭,P1,22.8,7.4,台中市,400,15.9,13.7,34116.0,2012,1,13,4
11,番石榴-珍珠芭,P1,20.9,5.8,台中市,400,13.7,11.1,31557.0,2012,1,14,5
12,番石榴-珍珠芭,P1,31.8,6.2,台中市,400,14.3,12.3,28607.0,2012,1,15,6
13,番石榴-珍珠芭,P1,21.4,7.0,台中市,400,13.9,12.5,44947.0,2012,1,17,1
14,番石榴-珍珠芭,P1,25.5,5.6,台中市,400,14.4,12.6,23543.0,2012,1,18,2
15,番石榴-珍珠芭,P1,23.4,5.1,台中市,400,12.1,12.1,26313.0,2012,1,19,3
16,番石榴-珍珠芭,P1,19.1,3.8,台中市,400,11.0,9.4,46772.0,2012,1,20,4
17,番石榴-珍珠芭,P1,20.2,4.7,台中市,400,11.0,9.6,47504.0,2012,1,21,5
18,番石榴-珍珠芭,P1,26.2,3.7,台中市,400,11.4,10.1,28052.0,2012,1,22,6
19,番石榴-珍珠芭,P1,20.3,8.0,台中市,400,13.1,12.2,43086.0,2012,1,28,5
20,番石榴-珍珠芭,P1,20.7,4.8,台中市,400,11.8,11.2,61198.0,2012,1,29,6
21,番石榴-珍珠芭,P1,21.0,5.1,台中市,400,12.5,12.4,13623.0,2012,1,30,0
22,番石榴-珍珠芭,P1,18.4,6.7,台中市,400,11.5,10.6,58315.0,2012,2,1,2
23,番石榴-珍珠芭,P1,18.9,4.3,台中市,400,10.8,9.4,29342.0,2012,2,2,3
24,番石榴-珍珠芭,P1,15.3,4.6,台中市,400,10.8,9.7,42332.0,2012,2,3,4
25,番石榴-珍珠芭,P1,15.6,3.2,台中市,400,9.2,7.7,37087.0,2012,2,4,5
26,番石榴-珍珠芭,P1,44.5,4.8,台中市,400,10.8,9.6,35695.0,2012,2,5,6
27,番石榴-珍珠芭,P1,17.9,6.4,台中市,400,10.1,10.2,14016.0,2012,2,6,0
28,番石榴-珍珠芭,P1,17.6,5.6,台中市,400,10.8,9.9,29314.0,2012,2,9,3
29,番石榴-珍珠芭,P1,18.0,5.3,台中市,400,10.7,9.9,40197.0,2012,2,10,4
30,番石榴-珍珠芭,P1,18.3,7.0,台中市,400,11.1,10.5,57490.0,2012,2,11,5
31,番石榴-珍珠芭,P1,23.0,7.6,台中市,400,12.5,12.3,45864.0,2012,2,12,6
32,番石榴-珍珠芭,P1,19.1,7.6,台中市,400,11.2,10.4,60250.0,2012,2,14,1
33,番石榴-珍珠芭,P1,18.5,6.7,台中市,400,11.2,10.6,43173.0,2012,2,15,2
34,番石榴-珍珠芭,P1,18.0,7.4,台中市,400,11.5,10.9,42115.0,2012,2,16,3
35,番石榴-珍珠芭,P1,19.9,7.3,台中市,400,11.2,10.8,34329.0,2012,2,17,4
36,番石榴-珍珠芭,P1,18.4,7.9,台中市,400,11.5,11.1,46087.0,2012,2,18,5
37,番石榴-珍珠芭,P1,25.7,8.3,台中市,400,12.2,12.7,41638.0,2012,2,19,6
38,番石榴-珍珠芭,P1,19.3,7.4,台中市,400,14.4,13.0,42623.0,2012,2,21,1
39,番石榴-珍珠芭,P1,26.2,10.0,台中市,400,15.8,15.7,14590.0,2012,2,22,2
40,番石榴-珍珠芭,P1,27.2,11.0,台中市,400,18.5,18.5,30226.0,2012,2,23,3
41,番石榴-珍珠芭,P1,26.5,9.8,台中市,400,17.9,17.0,29748.0,2012,2,24,4
42,番石榴-珍珠芭,P1,25.3,10.2,台中市,400,18.4,16.7,44573.0,2012,2,25,5
43,番石榴-珍珠芭,P1,30.5,10.2,台中市,400,18.4,17.7,32979.0,2012,2,26,6
44,番石榴-珍珠芭,P1,23.5,10.2,台中市,400,15.0,14.7,39388.0,2012,2,28,1
45,番石榴-珍珠芭,P1,26.5,10.5,台中市,400,16.2,16.7,34838.0,2012,2,29,2
46,番石榴-珍珠芭,P1,26.9,12.1,台中市,400,18.2,17.6,34371.0,2012,3,1,3
47,番石榴-珍珠芭,P1,27.8,14.4,台中市,400,21.7,19.8,36569.0,2012,3,2,4
48,番石榴-珍珠芭,P1,30.0,14.4,台中市,400,22.1,20.3,49542.0,2012,3,3,5
49,番石榴-珍珠芭,P1,31.4,13.8,台中市,400,22.0,19.8,29152.0,2012,3,4,6
50,番石榴-珍珠芭,P1,28.3,14.2,台中市,400,22.0,19.9,46468.0,2012,3,6,1
51,番石榴-珍珠芭,P1,30.3,13.7,台中市,400,22.2,19.9,46182.0,2012,3,7,2
52,番石榴-珍珠芭,P1,29.9,13.3,台中市,400,22.2,19.8,35905.0,2012,3,8,3
53,番石榴-珍珠芭,P1,27.8,12.6,台中市,400,21.4,18.4,30173.0,2012,3,9,4
54,番石榴-珍珠芭,P1,41.1,12.0,台中市,400,21.8,18.6,43874.0,2012,3,10,5
55,番石榴-珍珠芭,P1,31.7,13.1,台中市,400,22.3,20.0,27118.0,2012,3,11,6
56,番石榴-珍珠芭,P1,29.8,14.8,台中市,400,22.6,21.0,28911.0,2012,3,13,1
57,番石榴-珍珠芭,P1,30.6,13.6,台中市,400,22.6,21.7,35436.0,2012,3,14,2
58,番石榴-珍珠芭,P1,30.1,14.2,台中市,400,23.0,20.4,38395.0,2012,3,15,3
59,番石榴-珍珠芭,P1,31.4,12.7,台中市,400,23.2,19.4,30271.0,2012,3,16,4
60,番石榴-珍珠芭,P1,27.7,13.5,台中市,400,21.5,19.4,45960.0,2012,3,17,5
61,番石榴-珍珠芭,P1,30.0,11.0,台中市,400,22.1,18.4,33620.0,2012,3,18,6
62,番石榴-珍珠芭,P1,28.4,10.8,台中市,400,21.8,18.0,51491.0,2012,3,20,1
63,番石榴-珍珠芭,P1,30.6,9.3,台中市,400,21.5,18.0,40738.0,2012,3,21,2
64,番石榴-珍珠芭,P1,37.8,9.0,台中市,400,20.9,18.2,37615.0,2012,3,22,3
65,番石榴-珍珠芭,P1,30.4,7.3,台中市,400,20.9,17.2,32200.0,2012,3,23,4
66,番石榴-珍珠芭,P1,27.9,7.2,台中市,400,20.3,16.8,49044.0,2012,3,24,5
67,番石榴-珍珠芭,P1,27.2,7.4,台中市,400,19.9,16.3,34735.0,2012,3,25,6
68,番石榴-珍珠芭,P1,24.2,7.7,台中市,400,16.7,14.6,48896.0,2012,3,27,1
69,番石榴-珍珠芭,P1,34.8,6.8,台中市,400,17.3,15.8,35984.0,2012,3,28,2
70,番石榴-珍珠芭,P1,22.6,6.1,台中市,400,16.1,13.9,43577.0,2012,3,29,3
71,番石榴-珍珠芭,P1,22.2,7.2,台中市,400,16.2,14.3,26084.0,2012,3,30,4
72,番石榴-珍珠芭,P1,20.7,5.5,台中市,400,15.2,12.8,45246.0,2012,3,31,5
73,番石榴-珍珠芭,P1,22.3,5.6,台中市,400,15.3,13.0,23151.0,2012,4,1,6
74,番石榴-珍珠芭,P1,25.5,7.1,台中市,400,15.9,16.1,15270.0,2012,4,2,0
75,番石榴-珍珠芭,P1,22.8,6.0,台中市,400,15.9,14.5,53307.0,2012,4,3,1
76,番石榴-珍珠芭,P1,34.0,9.8,台中市,400,17.1,17.4,50045.0,2012,4,6,4
77,番石榴-珍珠芭,P1,23.5,9.5,台中市,400,16.9,16.1,49668.0,2012,4,7,5
78,番石榴-珍珠芭,P1,25.1,8.8,台中市,400,17.4,16.2,36174.0,2012,4,8,6
79,番石榴-珍珠芭,P1,24.2,8.6,台中市,400,16.8,14.3,48656.0,2012,4,10,1
80,番石榴-珍珠芭,P1,23.5,9.1,台中市,400,16.6,15.2,33230.0,2012,4,11,2
81,番石榴-珍珠芭,P1,22.3,5.0,台中市,400,14.2,12.8,37577.0,2012,4,12,3
82,番石榴-珍珠芭,P1,20.5,5.4,台中市,400,14.5,12.8,29224.0,2012,4,13,4
83,番石榴-珍珠芭,P1,21.8,5.6,台中市,400,14.2,13.1,40506.0,2012,4,14,5
84,番石榴-珍珠芭,P1,22.8,7.5,台中市,400,14.1,12.8,26406.0,2012,4,15,6
85,番石榴-珍珠芭,P1,21.7,6.5,台中市,400,15.7,12.6,40982.0,2012,4,17,1
86,番石榴-珍珠芭,P1,24.5,8.4,台中市,400,17.2,16.4,28146.0,2012,4,18,2
87,番石榴-珍珠芭,P1,27.9,8.0,台中市,400,19.9,18.4,31206.0,2012,4,19,3
88,番石榴-珍珠芭,P1,30.2,11.2,台中市,400,21.2,22.2,22107.0,2012,4,20,4
89,番石榴-珍珠芭,P1,27.2,9.6,台中市,400,21.7,20.6,40213.0,2012,4,21,5
90,番石榴-珍珠芭,P1,32.0,12.9,台中市,400,22.5,22.6,21622.0,2012,4,22,6
91,番石榴-珍珠芭,P1,29.3,11.1,台中市,400,22.5,21.0,45793.0,2012,4,24,1
92,番石榴-珍珠芭,P1,33.9,13.4,台中市,400,21.8,22.3,24956.0,2012,4,25,2
93,番石榴-珍珠芭,P1,34.8,14.2,台中市,400,22.4,22.0,21760.0,2012,4,26,3
94,番石榴-珍珠芭,P1,32.5,11.4,台中市,400,23.4,19.8,15704.0,2012,4,27,4
95,番石榴-珍珠芭,P1,33.8,13.0,台中市,400,25.0,23.7,33305.0,2012,4,28,5
96,番石榴-珍珠芭,P1,34.4,11.9,台中市,400,24.9,22.9,22783.0,2012,4,29,6
97,番石榴-珍珠芭,P1,33.8,14.1,台中市,400,27.8,25.9,17341.0,2012,5,1,1
98,番石榴-珍珠芭,P1,39.4,12.4,台中市,400,31.1,27.7,14774.0,2012,5,2,2
99,番石榴-珍珠芭,P1,40.0,16.7,台中市,400,31.3,30.1,22382.0,2012,5,3,3
100,番石榴-珍珠芭,P1,45.0,14.8,台中市,400,30.6,30.2,21756.0,2012,5,4,4
101,番石榴-珍珠芭,P1,42.6,12.4,台中市,400,33.3,30.1,25124.0,2012,5,5,5
102,番石榴-珍珠芭,P1,48.2,22.8,台中市,400,35.8,34.6,23618.0,2012,5,6,6
103,番石榴-珍珠芭,P1,50.6,22.5,台中市,400,37.2,36.5,26647.0,2012,5,8,1
104,番石榴-珍珠芭,P1,47.8,24.9,台中市,400,36.6,36.6,14339.0,2012,5,9,2
105,番石榴-珍珠芭,P1,44.4,23.8,台中市,400,33.9,35.8,21315.0,2012,5,10,3
106,番石榴-珍珠芭,P1,45.7,18.9,台中市,400,33.9,33.0,14544.0,2012,5,11,4
107,番石榴-珍珠芭,P1,47.4,21.2,台中市,400,35.1,35.4,20791.0,2012,5,12,5
108,番石榴-珍珠芭,P1,51.0,28.0,台中市,400,36.7,37.8,8360.0,2012,5,13,6
109,番石榴-珍珠芭,P1,49.6,20.4,台中市,400,38.3,36.8,15943.0,2012,5,15,1
110,番石榴-珍珠芭,P1,55.0,29.4,台中市,400,39.0,40.3,7062.0,2012,5,16,2
111,番石榴-珍珠芭,P1,50.0,27.6,台中市,400,36.7,37.6,15294.0,2012,5,17,3
112,番石榴-珍珠芭,P1,50.6,25.6,台中市,400,38.0,39.2,18492.0,2012,5,18,4
113,番石榴-珍珠芭,P1,52.5,29.1,台中市,400,41.1,41.7,18433.0,2012,5,19,5
114,番石榴-珍珠芭,P1,51.5,31.2,台中市,400,41.1,43.6,15229.0,2012,5,20,6
115,番石榴-珍珠芭,P1,55.6,27.4,台中市,400,45.3,43.4,13618.0,2012,5,22,1
116,番石榴-珍珠芭,P1,54.0,32.8,台中市,400,43.8,44.9,6222.0,2012,5,23,2
117,番石榴-珍珠芭,P1,55.0,29.4,台中市,400,44.4,44.3,16640.0,2012,5,24,3
118,番石榴-珍珠芭,P1,55.6,30.0,台中市,400,45.5,43.8,12001.0,2012,5,25,4
119,番石榴-珍珠芭,P1,57.9,29.1,台中市,400,47.7,45.4,17315.0,2012,5,26,5
120,番石榴-珍珠芭,P1,60.7,34.8,台中市,400,47.0,48.1,12182.0,2012,5,27,6
121,番石榴-珍珠芭,P1,57.2,30.5,台中市,400,46.8,46.6,16532.0,2012,5,29,1
122,番石榴-珍珠芭,P1,58.3,32.2,台中市,400,46.5,45.4,13824.0,2012,5,30,2
123,番石榴-珍珠芭,P1,58.0,35.0,台中市,400,46.8,45.8,15957.0,2012,5,31,3
124,番石榴-珍珠芭,P1,56.7,29.2,台中市,400,45.8,43.8,10386.0,2012,6,1,4
125,番石榴-珍珠芭,P1,51.0,26.5,台中市,400,40.0,38.5,14226.0,2012,6,2,5
126,番石榴-珍珠芭,P1,52.8,26.4,台中市,400,37.1,37.9,18007.0,2012,6,3,6
127,番石榴-珍珠芭,P1,49.6,20.8,台中市,400,35.0,33.5,20993.0,2012,6,5,1
128,番石榴-珍珠芭,P1,41.8,18.2,台中市,400,31.1,29.0,19433.0,2012,6,6,2
129,番石榴-珍珠芭,P1,37.4,19.1,台中市,400,27.0,24.8,14405.0,2012,6,7,3
130,番石榴-珍珠芭,P1,36.9,18.7,台中市,400,26.1,25.6,21222.0,2012,6,8,4
131,番石榴-珍珠芭,P1,34.0,18.9,台中市,400,25.8,24.5,20100.0,2012,6,9,5
132,番石榴-珍珠芭,P1,54.2,19.6,台中市,400,26.4,25.2,24682.0,2012,6,10,6
133,番石榴-珍珠芭,P1,40.9,16.1,台中市,400,25.6,23.8,24969.0,2012,6,12,1
134,番石榴-珍珠芭,P1,36.5,17.7,台中市,400,26.2,24.0,18430.0,2012,6,13,2
135,番石榴-珍珠芭,P1,34.0,17.8,台中市,400,24.0,24.1,22875.0,2012,6,14,3
136,番石榴-珍珠芭,P1,32.1,14.8,台中市,400,22.1,22.2,24122.0,2012,6,15,4
137,番石榴-珍珠芭,P1,30.2,13.7,台中市,400,21.3,20.6,26886.0,2012,6,16,5
138,番石榴-珍珠芭,P1,27.6,14.8,台中市,400,21.0,20.1,23361.0,2012,6,17,6
139,番石榴-珍珠芭,P1,38.9,12.5,台中市,400,21.7,21.1,38586.0,2012,6,19,1
140,番石榴-珍珠芭,P1,27.2,14.2,台中市,400,20.8,20.2,27681.0,2012,6,20,2
141,番石榴-珍珠芭,P1,30.4,15.2,台中市,400,21.7,21.0,12531.0,2012,6,21,3
142,番石榴-珍珠芭,P1,47.2,14.4,台中市,400,22.7,20.8,20911.0,2012,6,22,4
143,番石榴-珍珠芭,P1,26.8,14.0,台中市,400,21.1,20.8,21004.0,2012,6,23,5
144,番石榴-珍珠芭,P1,28.0,13.5,台中市,400,21.6,20.6,49069.0,2012,6,26,1
145,番石榴-珍珠芭,P1,26.5,13.3,台中市,400,19.0,19.1,32407.0,2012,6,27,2
146,番石榴-珍珠芭,P1,22.9,10.0,台中市,400,16.4,16.0,39103.0,2012,6,28,3
147,番石榴-珍珠芭,P1,23.7,10.6,台中市,400,17.1,17.0,30331.0,2012,6,29,4
148,番石榴-珍珠芭,P1,26.4,12.8,台中市,400,19.1,18.6,39411.0,2012,6,30,5
149,番石榴-珍珠芭,P1,35.8,12.8,台中市,400,20.3,19.9,24578.0,2012,7,1,6
150,番石榴-珍珠芭,P1,23.7,11.2,台中市,400,19.3,18.5,56075.0,2012,7,3,1
151,番石榴-珍珠芭,P1,25.9,11.6,台中市,400,18.1,17.6,27673.0,2012,7,4,2
152,番石榴-珍珠芭,P1,22.4,9.2,台中市,400,16.9,16.2,33160.0,2012,7,5,3
153,番石榴-珍珠芭,P1,21.9,9.0,台中市,400,15.2,14.9,34845.0,2012,7,6,4
154,番石榴-珍珠芭,P1,21.3,8.9,台中市,400,15.4,14.3,45615.0,2012,7,7,5
155,番石榴-珍珠芭,P1,35.4,8.1,台中市,400,15.6,14.5,28749.0,2012,7,8,6
156,番石榴-珍珠芭,P1,21.3,8.1,台中市,400,16.1,14.9,52952.0,2012,7,10,1
157,番石榴-珍珠芭,P1,19.6,7.4,台中市,400,14.3,13.5,37201.0,2012,7,11,2
158,番石榴-珍珠芭,P1,18.3,7.4,台中市,400,13.6,12.6,51322.0,2012,7,12,3
159,番石榴-珍珠芭,P1,17.6,5.5,台中市,400,12.6,11.8,36848.0,2012,7,13,4
160,番石榴-珍珠芭,P1,16.0,5.2,台中市,400,11.3,10.4,56047.0,2012,7,14,5
161,番石榴-珍珠芭,P1,17.0,5.9,台中市,400,11.2,11.3,42625.0,2012,7,15,6
162,番石榴-珍珠芭,P1,16.2,6.2,台中市,400,11.1,11.1,68664.0,2012,7,17,1
163,番石榴-珍珠芭,P1,16.6,5.8,台中市,400,10.6,11.2,52154.0,2012,7,18,2
164,番石榴-珍珠芭,P1,16.6,5.8,台中市,400,10.9,11.0,58110.0,2012,7,19,3
165,番石榴-珍珠芭,P1,17.1,5.8,台中市,400,11.2,10.5,33189.0,2012,7,20,4
166,番石榴-珍珠芭,P1,16.8,5.4,台中市,400,11.0,10.0,65265.0,2012,7,21,5
167,番石榴-珍珠芭,P1,18.2,5.6,台中市,400,12.4,11.0,35558.0,2012,7,22,6
168,番石榴-珍珠芭,P1,17.5,6.4,台中市,400,12.3,12.0,68924.0,2012,7,24,1
169,番石榴-珍珠芭,P1,17.9,5.8,台中市,400,12.2,11.5,43441.0,2012,7,25,2
170,番石榴-珍珠芭,P1,17.4,6.4,台中市,400,12.4,11.5,63114.0,2012,7,26,3
171,番石榴-珍珠芭,P1,17.4,5.6,台中市,400,12.5,11.5,51538.0,2012,7,27,4
172,番石榴-珍珠芭,P1,16.2,5.8,台中市,400,13.0,11.3,80830.0,2012,7,28,5
173,番石榴-珍珠芭,P1,18.0,5.7,台中市,400,12.3,11.1,46488.0,2012,7,29,6
174,番石榴-珍珠芭,P1,17.6,5.3,台中市,400,13.0,11.2,87976.0,2012,7,31,1
175,番石榴-珍珠芭,P1,17.2,4.5,台中市,400,12.4,10.6,65886.0,2012,8,1,2
176,番石榴-珍珠芭,P1,16.4,3.9,台中市,400,11.2,10.0,49297.0,2012,8,2,3
177,番石榴-珍珠芭,P1,19.7,7.0,台中市,400,13.2,12.7,51357.0,2012,8,4,5
178,番石榴-珍珠芭,P1,21.1,7.3,台中市,400,15.1,13.7,50813.0,2012,8,5,6
179,番石榴-珍珠芭,P1,20.0,7.2,台中市,400,15.0,13.8,64715.0,2012,8,7,1
180,番石榴-珍珠芭,P1,21.7,9.6,台中市,400,15.0,14.2,44766.0,2012,8,8,2
181,番石榴-珍珠芭,P1,22.4,9.8,台中市,400,16.6,14.7,44358.0,2012,8,9,3
182,番石榴-珍珠芭,P1,23.8,9.4,台中市,400,16.6,14.4,46114.0,2012,8,10,4
183,番石榴-珍珠芭,P1,25.2,9.1,台中市,400,17.5,15.3,58343.0,2012,8,11,5
184,番石榴-珍珠芭,P1,25.4,9.2,台中市,400,19.1,16.0,41709.0,2012,8,12,6
185,番石榴-珍珠芭,P1,26.4,11.2,台中市,400,20.7,18.8,64707.0,2012,8,14,1
186,番石榴-珍珠芭,P1,27.2,10.6,台中市,400,20.9,19.5,55997.0,2012,8,15,2
187,番石榴-珍珠芭,P1,27.1,9.1,台中市,400,21.2,18.6,57381.0,2012,8,16,3
188,番石榴-珍珠芭,P1,43.4,9.4,台中市,400,22.2,21.0,36556.0,2012,8,17,4
189,番石榴-珍珠芭,P1,28.8,10.0,台中市,400,22.8,18.6,25586.0,2012,8,18,5
190,番石榴-珍珠芭,P1,29.1,9.3,台中市,400,20.9,16.4,8235.0,2012,8,19,6
191,番石榴-珍珠芭,P1,33.4,14.8,台中市,400,24.9,23.4,63228.0,2012,8,21,1
192,番石榴-珍珠芭,P1,34.1,16.0,台中市,400,27.1,24.7,35236.0,2012,8,22,2
193,番石榴-珍珠芭,P1,35.3,16.7,台中市,400,28.7,26.4,52091.0,2012,8,23,3
194,番石榴-珍珠芭,P1,36.4,15.6,台中市,400,28.7,26.0,35097.0,2012,8,24,4
195,番石榴-珍珠芭,P1,38.0,19.9,台中市,400,30.8,27.8,15437.0,2012,8,25,5
196,番石榴-珍珠芭,P1,40.4,20.7,台中市,400,33.3,30.6,24086.0,2012,8,26,6
197,番石榴-珍珠芭,P1,50.0,21.8,台中市,400,37.9,35.2,36559.0,2012,8,28,1
198,番石榴-珍珠芭,P1,51.3,25.0,台中市,400,40.1,37.4,24076.0,2012,8,29,2
199,番石榴-珍珠芭,P1,48.5,22.0,台中市,400,40.1,36.1,32716.0,2012,8,30,3
200,番石榴-珍珠芭,P1,48.3,19.7,台中市,400,39.6,35.7,19948.0,2012,8,31,4
201,番石榴-珍珠芭,P1,57.4,19.7,台中市,400,44.2,41.4,11556.0,2012,9,1,5
202,番石榴-珍珠芭,P1,60.3,21.3,台中市,400,46.3,41.4,6425.0,2012,9,2,6
203,番石榴-珍珠芭,P1,56.2,27.4,台中市,400,47.2,45.3,60948.0,2012,9,5,2
204,番石榴-珍珠芭,P1,55.3,28.4,台中市,400,43.9,42.5,19476.0,2012,9,6,3
205,番石榴-珍珠芭,P1,56.0,28.1,台中市,400,44.1,42.1,25178.0,2012,9,7,4
206,番石榴-珍珠芭,P1,66.0,28.2,台中市,400,46.5,45.0,30012.0,2012,9,8,5
207,番石榴-珍珠芭,P1,61.4,28.0,台中市,400,47.3,46.1,22747.0,2012,9,9,6
208,番石榴-珍珠芭,P1,60.6,33.1,台中市,400,48.6,47.9,30815.0,2012,9,11,1
209,番石榴-珍珠芭,P1,60.6,30.4,台中市,400,48.5,47.5,27655.0,2012,9,12,2
210,番石榴-珍珠芭,P1,65.1,29.9,台中市,400,50.5,49.9,26689.0,2012,9,13,3
211,番石榴-珍珠芭,P1,64.5,29.3,台中市,400,51.3,49.4,14680.0,2012,9,14,4
212,番石榴-珍珠芭,P1,60.0,30.1,台中市,400,51.4,49.6,17243.0,2012,9,15,5
213,番石榴-珍珠芭,P1,60.1,30.5,台中市,400,50.0,48.8,18159.0,2012,9,16,6
214,番石榴-珍珠芭,P1,62.4,33.0,台中市,400,48.5,48.4,23243.0,2012,9,18,1
215,番石榴-珍珠芭,P1,70.1,33.1,台中市,400,49.2,47.5,23301.0,2012,9,19,2
216,番石榴-珍珠芭,P1,62.9,35.7,台中市,400,51.2,50.4,19931.0,2012,9,20,3
217,番石榴-珍珠芭,P1,63.5,35.1,台中市,400,49.5,48.6,13339.0,2012,9,21,4
218,番石榴-珍珠芭,P1,64.9,33.1,台中市,400,49.3,47.1,23195.0,2012,9,22,5
219,番石榴-珍珠芭,P1,64.3,33.1,台中市,400,49.2,47.7,22370.0,2012,9,23,6
220,番石榴-珍珠芭,P1,63.3,31.3,台中市,400,46.9,46.9,22727.0,2012,9,25,1
221,番石榴-珍珠芭,P1,55.7,28.4,台中市,400,44.1,41.7,19266.0,2012,9,26,2
222,番石榴-珍珠芭,P1,57.8,28.6,台中市,400,44.4,41.6,20925.0,2012,9,27,3
223,番石榴-珍珠芭,P1,56.7,25.3,台中市,400,42.8,39.6,21052.0,2012,9,28,4
224,番石榴-珍珠芭,P1,47.1,23.1,台中市,400,36.6,34.0,28648.0,2012,9,29,5
225,番石榴-珍珠芭,P1,52.7,22.3,台中市,400,36.2,33.3,21133.0,2012,9,30,6
226,番石榴-珍珠芭,P1,49.8,23.3,台中市,400,37.7,36.8,32900.0,2012,10,3,2
227,番石榴-珍珠芭,P1,40.4,19.7,台中市,400,31.2,27.8,36770.0,2012,10,4,3
228,番石榴-珍珠芭,P1,42.5,18.1,台中市,400,32.2,30.8,33868.0,2012,10,5,4
229,番石榴-珍珠芭,P1,42.0,20.5,台中市,400,32.4,31.1,31704.0,2012,10,6,5
230,番石榴-珍珠芭,P1,42.6,20.8,台中市,400,32.3,32.2,30395.0,2012,10,7,6
231,番石榴-珍珠芭,P1,43.4,20.8,台中市,400,32.3,32.0,35977.0,2012,10,9,1
232,番石榴-珍珠芭,P1,42.8,20.1,台中市,400,32.4,31.0,28273.0,2012,10,10,2
233,番石榴-珍珠芭,P1,43.7,20.8,台中市,400,32.9,31.6,32922.0,2012,10,11,3
234,番石榴-珍珠芭,P1,43.2,23.0,台中市,400,33.8,32.9,31978.0,2012,10,12,4
235,番石榴-珍珠芭,P1,42.6,20.3,台中市,400,34.3,31.6,39814.0,2012,10,13,5
236,番石榴-珍珠芭,P1,43.2,20.5,台中市,400,32.2,32.0,46015.0,2012,10,14,6
237,番石榴-珍珠芭,P1,43.2,21.4,台中市,400,33.7,32.6,38701.0,2012,10,16,1
238,番石榴-珍珠芭,P1,44.3,21.2,台中市,400,33.7,31.7,34090.0,2012,10,17,2
239,番石榴-珍珠芭,P1,43.8,19.6,台中市,400,33.6,31.9,29673.0,2012,10,18,3
240,番石榴-珍珠芭,P1,43.4,20.0,台中市,400,32.7,31.7,26000.0,2012,10,19,4
241,番石榴-珍珠芭,P1,44.5,21.0,台中市,400,33.5,32.5,40535.0,2012,10,20,5
242,番石榴-珍珠芭,P1,42.3,20.9,台中市,400,32.8,30.6,32649.0,2012,10,21,6
243,番石榴-珍珠芭,P1,42.9,22.2,台中市,400,32.8,33.2,31588.0,2012,10,23,1
244,番石榴-珍珠芭,P1,43.3,20.4,台中市,400,33.2,32.5,27693.0,2012,10,24,2
245,番石榴-珍珠芭,P1,44.3,20.9,台中市,400,34.0,32.6,28402.0,2012,10,25,3
246,番石榴-珍珠芭,P1,42.5,19.6,台中市,400,33.5,31.4,34587.0,2012,10,26,4
247,番石榴-珍珠芭,P1,41.0,17.8,台中市,400,32.8,31.1,38271.0,2012,10,27,5
248,番石榴-珍珠芭,P1,43.0,19.8,台中市,400,33.5,31.6,38007.0,2012,10,28,6
249,番石榴-珍珠芭,P1,43.6,20.2,台中市,400,32.9,31.1,34893.0,2012,10,30,1
250,番石榴-珍珠芭,P1,44.1,18.4,台中市,400,32.4,29.3,23225.0,2012,10,31,2
251,番石榴-珍珠芭,P1,42.3,20.5,台中市,400,33.6,31.0,29287.0,2012,11,1,3
252,番石榴-珍珠芭,P1,43.8,19.1,台中市,400,32.8,29.2,27205.0,2012,11,2,4
253,番石榴-珍珠芭,P1,45.1,19.3,台中市,400,33.3,30.3,31910.0,2012,11,3,5
254,番石榴-珍珠芭,P1,43.1,15.1,台中市,400,32.8,29.1,39898.0,2012,11,4,6
255,番石榴-珍珠芭,P1,44.3,17.3,台中市,400,33.3,30.4,31602.0,2012,11,6,1
256,番石榴-珍珠芭,P1,40.8,18.9,台中市,400,32.3,31.0,31482.0,2012,11,7,2
257,番石榴-珍珠芭,P1,44.7,16.6,台中市,400,32.3,31.3,27054.0,2012,11,8,3
258,番石榴-珍珠芭,P1,43.2,18.2,台中市,400,32.1,30.1,26046.0,2012,11,9,4
259,番石榴-珍珠芭,P1,43.0,19.4,台中市,400,32.8,30.9,40269.0,2012,11,10,5
260,番石榴-珍珠芭,P1,44.2,20.4,台中市,400,33.8,33.4,31945.0,2012,11,11,6
261,番石榴-珍珠芭,P1,47.4,21.9,台中市,400,34.6,33.2,34798.0,2012,11,13,1
262,番石榴-珍珠芭,P1,46.0,21.5,台中市,400,35.4,35.2,28569.0,2012,11,14,2
263,番石榴-珍珠芭,P1,44.6,20.2,台中市,400,34.4,32.2,31183.0,2012,11,15,3
264,番石榴-珍珠芭,P1,41.6,19.5,台中市,400,34.5,31.8,36396.0,2012,11,16,4
265,番石榴-珍珠芭,P1,47.9,21.3,台中市,400,35.8,34.1,39831.0,2012,11,17,5
266,番石榴-珍珠芭,P1,45.2,18.0,台中市,400,33.4,30.6,28669.0,2012,11,18,6
267,番石榴-珍珠芭,P1,43.8,19.5,台中市,400,32.1,30.6,41200.0,2012,11,20,1
268,番石榴-珍珠芭,P1,45.5,18.4,台中市,400,34.1,30.0,31150.0,2012,11,21,2
269,番石榴-珍珠芭,P1,42.3,17.6,台中市,400,31.8,30.4,38704.0,2012,11,22,3
270,番石榴-珍珠芭,P1,37.0,15.5,台中市,400,27.8,25.9,33632.0,2012,11,23,4
271,番石榴-珍珠芭,P1,32.1,10.2,台中市,400,24.3,22.0,43727.0,2012,11,24,5
272,番石榴-珍珠芭,P1,33.7,13.0,台中市,400,24.2,23.0,37741.0,2012,11,25,6
273,番石榴-珍珠芭,P1,34.5,10.6,台中市,400,24.2,23.0,52805.0,2012,11,27,1
274,番石榴-珍珠芭,P1,32.8,9.6,台中市,400,22.8,21.7,29238.0,2012,11,28,2
275,番石榴-珍珠芭,P1,31.7,10.4,台中市,400,22.7,21.7,40702.0,2012,11,29,3
276,番石榴-珍珠芭,P1,28.2,10.0,台中市,400,20.0,18.6,27903.0,2012,11,30,4
277,番石榴-珍珠芭,P1,25.2,8.5,台中市,400,17.9,16.4,43545.0,2012,12,1,5
278,番石榴-珍珠芭,P1,23.4,8.6,台中市,400,15.7,15.5,35794.0,2012,12,2,6
279,番石榴-珍珠芭,P1,35.7,8.6,台中市,400,16.2,15.6,49176.0,2012,12,4,1
280,番石榴-珍珠芭,P1,23.1,7.7,台中市,400,15.9,14.6,38606.0,2012,12,5,2
281,番石榴-珍珠芭,P1,22.1,8.6,台中市,400,15.9,15.0,31795.0,2012,12,6,3
282,番石榴-珍珠芭,P1,22.3,9.4,台中市,400,15.5,14.6,33108.0,2012,12,7,4
283,番石榴-珍珠芭,P1,23.4,9.7,台中市,400,15.6,15.5,49401.0,2012,12,8,5
284,番石榴-珍珠芭,P1,23.4,9.0,台中市,400,16.2,15.6,40478.0,2012,12,9,6
285,番石榴-珍珠芭,P1,25.7,9.3,台中市,400,15.7,15.6,44711.0,2012,12,11,1
286,番石榴-珍珠芭,P1,21.9,8.7,台中市,400,15.0,13.7,42090.0,2012,12,12,2
287,番石榴-珍珠芭,P1,19.9,8.8,台中市,400,12.7,12.6,45403.0,2012,12,13,3
288,番石榴-珍珠芭,P1,20.1,7.7,台中市,400,13.3,12.4,37174.0,2012,12,14,4
289,番石榴-珍珠芭,P1,20.4,6.2,台中市,400,12.9,12.5,61409.0,2012,12,15,5
290,番石榴-珍珠芭,P1,20.0,7.9,台中市,400,12.9,12.6,42315.0,2012,12,16,6
291,番石榴-珍珠芭,P1,18.0,6.8,台中市,400,12.4,12.0,54769.0,2012,12,18,1
292,番石榴-珍珠芭,P1,18.4,4.5,台中市,400,12.0,11.5,54215.0,2012,12,19,2
293,番石榴-珍珠芭,P1,16.9,5.0,台中市,400,11.3,10.5,37863.0,2012,12,20,3
294,番石榴-珍珠芭,P1,15.7,5.3,台中市,400,9.7,10.1,48821.0,2012,12,21,4
295,番石榴-珍珠芭,P1,16.6,4.8,台中市,400,9.9,9.6,46683.0,2012,12,22,5
296,番石榴-珍珠芭,P1,16.2,5.0,台中市,400,9.5,9.1,52188.0,2012,12,23,6
297,番石榴-珍珠芭,P1,14.3,5.2,台中市,400,9.2,9.1,47035.0,2012,12,25,1
298,番石榴-珍珠芭,P1,14.4,4.9,台中市,400,9.0,8.6,47834.0,2012,12,26,2
299,番石榴-珍珠芭,P1,13.6,4.5,台中市,400,9.2,8.7,49695.0,2012,12,27,3
300,番石榴-珍珠芭,P1,12.9,5.1,台中市,400,8.8,8.5,39853.0,2012,12,28,4
301,番石榴-珍珠芭,P1,12.0,5.1,台中市,400,8.2,8.0,52599.0,2012,12,29,5
302,番石榴-珍珠芭,P1,12.2,4.1,台中市,400,8.3,8.0,51735.0,2012,12,30,6
303,番石榴-珍珠芭,P1,12.3,5.7,台中市,400,8.4,8.5,37670.0,2013,1,1,1
304,番石榴-珍珠芭,P1,14.6,6.4,台中市,400,10.0,10.2,36938.0,2013,1,2,2
305,番石榴-珍珠芭,P1,13.3,5.3,台中市,400,9.6,9.6,54151.0,2013,1,3,3
306,番石榴-珍珠芭,P1,12.8,4.6,台中市,400,9.3,8.8,39530.0,2013,1,4,4
307,番石榴-珍珠芭,P1,11.8,5.1,台中市,400,8.3,8.3,60580.0,2013,1,5,5
308,番石榴-珍珠芭,P1,19.6,4.2,台中市,400,8.6,8.2,52961.0,2013,1,6,6
309,番石榴-珍珠芭,P1,12.7,4.9,台中市,400,8.2,8.0,56428.0,2013,1,8,1
310,番石榴-珍珠芭,P1,13.4,5.1,台中市,400,8.1,8.2,43918.0,2013,1,9,2
311,番石榴-珍珠芭,P1,12.1,4.0,台中市,400,7.5,7.1,46671.0,2013,1,10,3
312,番石榴-珍珠芭,P1,12.4,4.3,台中市,400,7.6,7.6,41034.0,2013,1,11,4
313,番石榴-珍珠芭,P1,14.2,4.3,台中市,400,8.4,8.4,49899.0,2013,1,12,5
314,番石榴-珍珠芭,P1,15.2,5.5,台中市,400,8.8,9.4,35105.0,2013,1,13,6
315,番石榴-珍珠芭,P1,16.0,5.3,台中市,400,8.4,9.3,51599.0,2013,1,15,1
316,番石榴-珍珠芭,P1,16.0,5.7,台中市,400,8.6,9.2,39044.0,2013,1,16,2
317,番石榴-珍珠芭,P1,16.0,6.0,台中市,400,8.8,9.2,44532.0,2013,1,17,3
318,番石榴-珍珠芭,P1,14.8,5.3,台中市,400,8.3,8.4,37569.0,2013,1,18,4
319,番石榴-珍珠芭,P1,14.8,5.6,台中市,400,8.5,8.8,45709.0,2013,1,19,5
320,番石榴-珍珠芭,P1,17.5,5.3,台中市,400,8.4,9.3,36785.0,2013,1,20,6
321,番石榴-珍珠芭,P1,18.2,6.4,台中市,400,10.6,10.6,41065.0,2013,1,22,1
322,番石榴-珍珠芭,P1,19.0,5.4,台中市,400,10.4,10.3,35160.0,2013,1,23,2
323,番石榴-珍珠芭,P1,18.0,5.3,台中市,400,12.6,11.8,46466.0,2013,1,24,3
324,番石榴-珍珠芭,P1,19.2,5.1,台中市,400,11.7,11.0,36379.0,2013,1,25,4
325,番石榴-珍珠芭,P1,18.3,5.6,台中市,400,12.1,12.1,47712.0,2013,1,26,5
326,番石榴-珍珠芭,P1,25.8,6.6,台中市,400,13.1,13.8,28055.0,2013,1,27,6
327,番石榴-珍珠芭,P1,17.8,8.0,台中市,400,12.4,12.1,41874.0,2013,1,29,1
328,番石榴-珍珠芭,P1,18.0,7.0,台中市,400,12.0,11.8,35323.0,2013,1,30,2
329,番石榴-珍珠芭,P1,17.0,5.3,台中市,400,11.8,10.7,34805.0,2013,1,31,3
330,番石榴-珍珠芭,P1,17.7,4.7,台中市,400,12.2,10.6,33228.0,2013,2,1,4
331,番石榴-珍珠芭,P1,17.3,4.9,台中市,400,12.4,11.3,35369.0,2013,2,2,5
332,番石榴-珍珠芭,P1,17.6,5.4,台中市,400,11.7,11.3,50226.0,2013,2,3,6
333,番石榴-珍珠芭,P1,17.0,5.2,台中市,400,12.0,11.1,48778.0,2013,2,5,1
334,番石榴-珍珠芭,P1,18.1,4.8,台中市,400,12.2,11.6,39735.0,2013,2,6,2
335,番石榴-珍珠芭,P1,19.0,6.9,台中市,400,11.9,11.5,35257.0,2013,2,7,3
336,番石榴-珍珠芭,P1,16.6,2.2,台中市,400,11.8,9.4,47350.0,2013,2,8,4
337,番石榴-珍珠芭,P1,19.1,9.2,台中市,400,12.0,12.4,25764.0,2013,2,9,5
338,番石榴-珍珠芭,P1,19.2,8.0,台中市,400,12.4,12.6,50725.0,2013,2,15,4
339,番石榴-珍珠芭,P1,16.8,7.1,台中市,400,12.7,11.9,43671.0,2013,2,16,5
340,番石榴-珍珠芭,P1,20.6,5.7,台中市,400,12.8,11.7,45827.0,2013,2,17,6
341,番石榴-珍珠芭,P1,17.6,5.8,台中市,400,12.1,11.2,47046.0,2013,2,19,1
342,番石榴-珍珠芭,P1,17.9,4.6,台中市,400,11.9,11.3,37236.0,2013,2,20,2
343,番石榴-珍珠芭,P1,16.6,3.6,台中市,400,11.2,10.0,33779.0,2013,2,21,3
344,番石榴-珍珠芭,P1,16.4,6.4,台中市,400,10.5,10.2,31526.0,2013,2,22,4
345,番石榴-珍珠芭,P1,15.1,3.9,台中市,400,10.0,9.5,45739.0,2013,2,23,5
346,番石榴-珍珠芭,P1,21.6,4.5,台中市,400,10.9,10.2,39969.0,2013,2,24,6
347,番石榴-珍珠芭,P1,14.9,3.8,台中市,400,10.0,9.0,36323.0,2013,2,27,2
348,番石榴-珍珠芭,P1,16.4,5.1,台中市,400,12.3,11.6,40393.0,2013,2,28,3
349,番石榴-珍珠芭,P1,18.0,6.0,台中市,400,12.1,11.7,40739.0,2013,3,1,4
350,番石榴-珍珠芭,P1,17.1,6.3,台中市,400,12.5,11.5,46979.0,2013,3,2,5
351,番石榴-珍珠芭,P1,17.6,5.1,台中市,400,12.3,11.2,36798.0,2013,3,3,6
352,番石榴-珍珠芭,P1,19.2,8.8,台中市,400,12.5,12.3,57727.0,2013,3,5,1
353,番石榴-珍珠芭,P1,20.5,8.1,台中市,400,12.6,12.5,39064.0,2013,3,6,2
354,番石榴-珍珠芭,P1,20.1,6.7,台中市,400,12.3,12.0,51002.0,2013,3,7,3
355,番石榴-珍珠芭,P1,19.5,7.5,台中市,400,13.0,12.4,38387.0,2013,3,8,4
356,番石榴-珍珠芭,P1,20.0,7.9,台中市,400,13.0,12.6,47448.0,2013,3,9,5
357,番石榴-珍珠芭,P1,20.8,6.3,台中市,400,12.8,12.2,42448.0,2013,3,10,6
358,番石榴-珍珠芭,P1,18.3,6.6,台中市,400,13.3,12.4,49175.0,2013,3,12,1
359,番石榴-珍珠芭,P1,18.4,7.0,台中市,400,13.5,12.7,39801.0,2013,3,13,2
360,番石榴-珍珠芭,P1,17.8,5.7,台中市,400,12.7,11.5,39506.0,2013,3,14,3
361,番石榴-珍珠芭,P1,18.9,6.7,台中市,400,13.2,12.5,44789.0,2013,3,15,4
362,番石榴-珍珠芭,P1,20.5,5.4,台中市,400,12.9,11.6,56920.0,2013,3,16,5
363,番石榴-珍珠芭,P1,19.4,7.2,台中市,400,12.4,12.5,48513.0,2013,3,17,6
364,番石榴-珍珠芭,P1,19.0,7.2,台中市,400,13.0,12.1,50083.0,2013,3,19,1
365,番石榴-珍珠芭,P1,18.6,6.4,台中市,400,12.6,12.2,46255.0,2013,3,20,2
366,番石榴-珍珠芭,P1,18.3,7.0,台中市,400,12.6,11.6,45028.0,2013,3,21,3
367,番石榴-珍珠芭,P1,17.5,5.0,台中市,400,12.9,11.4,51065.0,2013,3,22,4
368,番石榴-珍珠芭,P1,16.9,5.5,台中市,400,12.2,11.0,51226.0,2013,3,23,5
369,番石榴-珍珠芭,P1,18.0,6.1,台中市,400,12.5,11.5,57874.0,2013,3,24,6
370,番石榴-珍珠芭,P1,17.8,7.2,台中市,400,12.8,11.5,77951.0,2013,3,26,1
371,番石榴-珍珠芭,P1,18.9,5.2,台中市,400,13.1,10.8,41603.0,2013,3,27,2
372,番石榴-珍珠芭,P1,16.3,4.4,台中市,400,11.5,9.7,42269.0,2013,3,28,3
373,番石榴-珍珠芭,P1,14.7,4.8,台中市,400,9.7,9.5,49304.0,2013,3,29,4
374,番石榴-珍珠芭,P1,13.6,4.6,台中市,400,9.7,9.3,41031.0,2013,3,30,5
375,番石榴-珍珠芭,P1,16.0,4.5,台中市,400,9.9,9.5,53397.0,2013,3,31,6
376,番石榴-珍珠芭,P1,14.0,4.1,台中市,400,10.2,9.4,58296.0,2013,4,2,1
377,番石榴-珍珠芭,P1,14.7,4.9,台中市,400,9.5,9.5,46437.0,2013,4,3,2
378,番石榴-珍珠芭,P1,13.5,5.9,台中市,400,9.9,9.7,63594.0,2013,4,6,5
379,番石榴-珍珠芭,P1,16.9,6.5,台中市,400,9.9,9.7,36747.0,2013,4,7,6
380,番石榴-珍珠芭,P1,13.0,4.6,台中市,400,9.6,8.7,67370.0,2013,4,9,1
381,番石榴-珍珠芭,P1,13.7,3.7,台中市,400,9.5,8.7,57108.0,2013,4,10,2
382,番石榴-珍珠芭,P1,13.4,5.6,台中市,400,9.9,9.5,52874.0,2013,4,11,3
383,番石榴-珍珠芭,P1,13.7,5.3,台中市,400,9.9,9.5,38555.0,2013,4,12,4
384,番石榴-珍珠芭,P1,14.3,5.9,台中市,400,10.0,9.6,41946.0,2013,4,13,5
385,番石榴-珍珠芭,P1,21.3,6.0,台中市,400,10.1,10.1,46100.0,2013,4,14,6
386,番石榴-珍珠芭,P1,14.0,5.2,台中市,400,9.9,9.6,54481.0,2013,4,16,1
387,番石榴-珍珠芭,P1,13.6,5.4,台中市,400,9.4,9.3,42842.0,2013,4,17,2
388,番石榴-珍珠芭,P1,13.9,5.0,台中市,400,9.7,9.0,45646.0,2013,4,18,3
389,番石榴-珍珠芭,P1,13.6,6.0,台中市,400,9.8,9.9,39133.0,2013,4,19,4
390,番石榴-珍珠芭,P1,14.4,6.7,台中市,400,10.2,10.2,50814.0,2013,4,20,5
391,番石榴-珍珠芭,P1,15.8,7.1,台中市,400,10.2,10.8,41588.0,2013,4,21,6
392,番石榴-珍珠芭,P1,14.9,6.5,台中市,400,10.2,10.2,50832.0,2013,4,23,1
393,番石榴-珍珠芭,P1,16.6,6.6,台中市,400,11.1,11.2,32345.0,2013,4,24,2
394,番石榴-珍珠芭,P1,18.1,8.2,台中市,400,12.5,12.3,41800.0,2013,4,25,3
395,番石榴-珍珠芭,P1,18.6,7.2,台中市,400,12.7,12.2,36344.0,2013,4,26,4
396,番石榴-珍珠芭,P1,16.8,8.7,台中市,400,12.6,12.2,48253.0,2013,4,27,5
397,番石榴-珍珠芭,P1,18.8,6.9,台中市,400,12.7,12.3,28325.0,2013,4,28,6
398,番石榴-珍珠芭,P1,19.1,8.7,台中市,400,12.4,12.6,47317.0,2013,4,30,1
399,番石榴-珍珠芭,P1,18.7,7.6,台中市,400,12.7,12.8,35237.0,2013,5,1,2
400,番石榴-珍珠芭,P1,19.3,8.3,台中市,400,13.8,13.1,48800.0,2013,5,2,3
401,番石榴-珍珠芭,P1,26.4,9.1,台中市,400,15.2,15.6,29594.0,2013,5,3,4
402,番石榴-珍珠芭,P1,22.5,9.7,台中市,400,14.9,14.9,42487.0,2013,5,4,5
403,番石榴-珍珠芭,P1,25.9,10.6,台中市,400,17.1,17.0,29592.0,2013,5,5,6
404,番石榴-珍珠芭,P1,24.8,10.0,台中市,400,17.4,17.2,48258.0,2013,5,7,1
405,番石榴-珍珠芭,P1,26.4,11.0,台中市,400,18.3,17.7,29514.0,2013,5,8,2
406,番石榴-珍珠芭,P1,26.2,10.3,台中市,400,18.0,17.4,33221.0,2013,5,9,3
407,番石榴-珍珠芭,P1,29.4,9.7,台中市,400,18.4,17.7,25995.0,2013,5,10,4
408,番石榴-珍珠芭,P1,27.8,10.1,台中市,400,19.4,18.4,20369.0,2013,5,11,5
409,番石榴-珍珠芭,P1,26.9,13.7,台中市,400,19.5,20.1,25786.0,2013,5,12,6
410,番石榴-珍珠芭,P1,28.4,11.4,台中市,400,19.8,19.4,37643.0,2013,5,14,1
411,番石榴-珍珠芭,P1,30.0,12.6,台中市,400,19.8,20.0,21948.0,2013,5,15,2
412,番石榴-珍珠芭,P1,28.5,11.1,台中市,400,20.6,19.3,17177.0,2013,5,16,3
413,番石榴-珍珠芭,P1,30.0,12.6,台中市,400,19.7,20.8,25017.0,2013,5,17,4
414,番石榴-珍珠芭,P1,32.8,15.3,台中市,400,22.4,22.4,19153.0,2013,5,18,5
415,番石榴-珍珠芭,P1,35.3,15.2,台中市,400,26.3,25.6,17040.0,2013,5,19,6
416,番石榴-珍珠芭,P1,35.5,17.7,台中市,400,26.9,26.3,26100.0,2013,5,21,1
417,番石榴-珍珠芭,P1,35.7,18.3,台中市,400,27.3,26.7,12771.0,2013,5,22,2
418,番石榴-珍珠芭,P1,35.0,16.4,台中市,400,27.0,27.0,20728.0,2013,5,23,3
419,番石榴-珍珠芭,P1,35.5,18.4,台中市,400,28.3,27.8,12859.0,2013,5,24,4
420,番石榴-珍珠芭,P1,35.4,19.6,台中市,400,28.6,28.2,16876.0,2013,5,25,5
421,番石榴-珍珠芭,P1,36.6,21.5,台中市,400,29.3,29.4,16485.0,2013,5,26,6
422,番石榴-珍珠芭,P1,36.9,19.8,台中市,400,28.7,28.8,22548.0,2013,5,28,1
423,番石榴-珍珠芭,P1,40.4,20.7,台中市,400,28.8,30.0,19896.0,2013,5,29,2
424,番石榴-珍珠芭,P1,38.1,19.7,台中市,400,29.6,29.2,20777.0,2013,5,30,3
425,番石榴-珍珠芭,P1,39.3,19.5,台中市,400,29.6,30.6,21270.0,2013,5,31,4
426,番石榴-珍珠芭,P1,40.9,20.4,台中市,400,30.6,30.9,21590.0,2013,6,1,5
427,番石榴-珍珠芭,P1,37.3,18.9,台中市,400,29.2,29.5,22857.0,2013,6,2,6
428,番石榴-珍珠芭,P1,31.2,14.5,台中市,400,23.5,22.1,24945.0,2013,6,4,1
429,番石榴-珍珠芭,P1,29.3,13.8,台中市,400,20.8,19.6,20902.0,2013,6,5,2
430,番石榴-珍珠芭,P1,27.1,12.2,台中市,400,21.4,19.8,21125.0,2013,6,6,3
431,番石榴-珍珠芭,P1,28.3,12.6,台中市,400,21.7,20.3,17341.0,2013,6,7,4
432,番石榴-珍珠芭,P1,27.9,12.1,台中市,400,22.0,20.9,29780.0,2013,6,8,5
433,番石榴-珍珠芭,P1,28.5,11.5,台中市,400,21.6,20.3,17872.0,2013,6,9,6
434,番石榴-珍珠芭,P1,28.9,11.3,台中市,400,21.0,18.9,32647.0,2013,6,11,1
435,番石榴-珍珠芭,P1,31.9,10.7,台中市,400,20.6,18.7,24941.0,2013,6,12,2
436,番石榴-珍珠芭,P1,22.6,10.4,台中市,400,17.8,17.4,44709.0,2013,6,15,5
437,番石榴-珍珠芭,P1,36.0,9.3,台中市,400,16.7,15.6,27810.0,2013,6,16,6
438,番石榴-珍珠芭,P1,18.3,9.6,台中市,400,12.9,12.9,36748.0,2013,6,18,1
439,番石榴-珍珠芭,P1,16.5,8.4,台中市,400,12.5,12.1,30381.0,2013,6,19,2
440,番石榴-珍珠芭,P1,16.2,5.8,台中市,400,12.2,12.0,32800.0,2013,6,20,3
441,番石榴-珍珠芭,P1,15.4,5.1,台中市,400,11.7,11.2,24043.0,2013,6,21,4
442,番石榴-珍珠芭,P1,16.2,5.2,台中市,400,12.6,11.6,42584.0,2013,6,22,5
443,番石榴-珍珠芭,P1,23.3,8.5,台中市,400,14.3,13.9,20664.0,2013,6,23,6
444,番石榴-珍珠芭,P1,17.2,7.8,台中市,400,13.0,12.6,33928.0,2013,6,25,1
445,番石榴-珍珠芭,P1,19.8,7.4,台中市,400,13.3,12.5,30698.0,2013,6,26,2
446,番石榴-珍珠芭,P1,18.3,6.7,台中市,400,13.1,12.0,31236.0,2013,6,27,3
447,番石榴-珍珠芭,P1,17.2,8.2,台中市,400,12.2,11.9,29316.0,2013,6,28,4
448,番石榴-珍珠芭,P1,18.0,7.4,台中市,400,12.8,11.9,37207.0,2013,6,29,5
449,番石榴-珍珠芭,P1,21.9,5.7,台中市,400,12.6,11.7,29788.0,2013,6,30,6
450,番石榴-珍珠芭,P1,15.4,5.2,台中市,400,11.6,11.0,44627.0,2013,7,2,1
451,番石榴-珍珠芭,P1,15.6,6.4,台中市,400,11.3,11.2,33894.0,2013,7,3,2
452,番石榴-珍珠芭,P1,14.5,4.6,台中市,400,10.5,10.2,38486.0,2013,7,4,3
453,番石榴-珍珠芭,P1,16.7,5.5,台中市,400,10.9,10.6,29765.0,2013,7,5,4
454,番石榴-珍珠芭,P1,17.4,5.4,台中市,400,10.9,10.8,36403.0,2013,7,6,5
455,番石榴-珍珠芭,P1,23.5,5.9,台中市,400,12.0,11.6,26447.0,2013,7,7,6
456,番石榴-珍珠芭,P1,17.9,5.3,台中市,400,11.8,10.9,44282.0,2013,7,9,1
457,番石榴-珍珠芭,P1,19.5,5.4,台中市,400,11.7,11.6,33973.0,2013,7,10,2
458,番石榴-珍珠芭,P1,15.5,8.0,台中市,400,12.3,12.1,43132.0,2013,7,11,3
459,番石榴-珍珠芭,P1,16.4,5.7,台中市,400,11.6,10.4,29736.0,2013,7,12,4
460,番石榴-珍珠芭,P1,17.3,5.8,台中市,400,11.3,10.7,41245.0,2013,7,13,5
461,番石榴-珍珠芭,P1,24.4,5.0,台中市,400,14.5,8.8,5665.0,2013,7,14,6
462,番石榴-珍珠芭,P1,19.0,6.8,台中市,400,11.6,11.0,46626.0,2013,7,16,1
463,番石榴-珍珠芭,P1,18.0,4.9,台中市,400,11.0,10.0,39465.0,2013,7,17,2
464,番石榴-珍珠芭,P1,17.8,5.6,台中市,400,11.5,10.4,45459.0,2013,7,18,3
465,番石榴-珍珠芭,P1,18.4,4.0,台中市,400,10.7,9.7,36162.0,2013,7,19,4
466,番石榴-珍珠芭,P1,19.7,5.1,台中市,400,11.3,10.2,44782.0,2013,7,20,5
467,番石榴-珍珠芭,P1,18.3,4.2,台中市,400,10.9,10.0,36549.0,2013,7,21,6
468,番石榴-珍珠芭,P1,16.5,4.6,台中市,400,11.1,9.9,50997.0,2013,7,23,1
469,番石榴-珍珠芭,P1,17.9,5.4,台中市,400,11.4,10.3,32954.0,2013,7,24,2
470,番石榴-珍珠芭,P1,19.2,4.6,台中市,400,10.8,10.5,47479.0,2013,7,25,3
471,番石榴-珍珠芭,P1,15.6,5.4,台中市,400,10.5,8.9,40255.0,2013,7,26,4
472,番石榴-珍珠芭,P1,15.6,5.0,台中市,400,10.6,9.3,43396.0,2013,7,27,5
473,番石榴-珍珠芭,P1,26.2,5.7,台中市,400,11.1,10.3,36695.0,2013,7,28,6
474,番石榴-珍珠芭,P1,16.6,4.9,台中市,400,10.8,9.8,37775.0,2013,7,30,1
475,番石榴-珍珠芭,P1,18.5,5.4,台中市,400,10.6,10.0,38117.0,2013,7,31,2
476,番石榴-珍珠芭,P1,17.4,6.1,台中市,400,11.3,10.8,40923.0,2013,8,1,3
477,番石榴-珍珠芭,P1,17.7,6.6,台中市,400,11.5,11.0,31339.0,2013,8,2,4
478,番石榴-珍珠芭,P1,18.7,6.0,台中市,400,12.3,11.4,41950.0,2013,8,3,5
479,番石榴-珍珠芭,P1,25.6,6.8,台中市,400,13.4,12.4,40698.0,2013,8,4,6
480,番石榴-珍珠芭,P1,20.2,7.0,台中市,400,12.3,12.2,46678.0,2013,8,6,1
481,番石榴-珍珠芭,P1,20.4,6.8,台中市,400,12.3,12.2,37866.0,2013,8,7,2
482,番石榴-珍珠芭,P1,20.6,8.0,台中市,400,13.1,12.9,21537.0,2013,8,8,3
483,番石榴-珍珠芭,P1,17.6,8.6,台中市,400,12.9,12.6,24119.0,2013,8,9,4
484,番石榴-珍珠芭,P1,25.0,9.6,台中市,400,14.4,13.3,38836.0,2013,8,10,5
485,番石榴-珍珠芭,P1,25.3,9.6,台中市,400,14.8,13.9,38948.0,2013,8,11,6
486,番石榴-珍珠芭,P1,26.8,9.5,台中市,400,15.5,15.5,45056.0,2013,8,13,1
487,番石榴-珍珠芭,P1,24.7,7.4,台中市,400,18.1,16.1,31995.0,2013,8,14,2
488,番石榴-珍珠芭,P1,28.0,9.3,台中市,400,19.9,18.4,30744.0,2013,8,15,3
489,番石榴-珍珠芭,P1,27.9,9.8,台中市,400,19.9,18.2,23089.0,2013,8,16,4
490,番石榴-珍珠芭,P1,30.4,10.1,台中市,400,22.2,20.8,34303.0,2013,8,17,5
491,番石榴-珍珠芭,P1,33.4,9.6,台中市,400,23.2,21.2,34048.0,2013,8,18,6
492,番石榴-珍珠芭,P1,31.6,9.6,台中市,400,21.8,21.4,42440.0,2013,8,20,1
493,番石榴-珍珠芭,P1,33.3,7.6,台中市,400,24.5,21.0,23786.0,2013,8,21,2
494,番石榴-珍珠芭,P1,36.2,11.1,台中市,400,27.4,23.9,16093.0,2013,8,24,5
495,番石榴-珍珠芭,P1,36.2,10.9,台中市,400,27.1,24.5,34471.0,2013,8,25,6
496,番石榴-珍珠芭,P1,36.6,10.7,台中市,400,25.6,24.2,41448.0,2013,8,27,1
497,番石榴-珍珠芭,P1,33.1,9.8,台中市,400,24.7,22.8,23625.0,2013,8,28,2
498,番石榴-珍珠芭,P1,31.4,10.6,台中市,400,25.0,23.8,22675.0,2013,8,29,3
499,番石榴-珍珠芭,P1,33.0,12.0,台中市,400,26.4,26.6,9011.0,2013,8,30,4
500,番石榴-珍珠芭,P1,35.6,12.9,台中市,400,28.1,26.8,15811.0,2013,8,31,5
501,番石榴-珍珠芭,P1,40.4,13.8,台中市,400,28.2,27.7,20029.0,2013,9,1,6
502,番石榴-珍珠芭,P1,36.8,13.2,台中市,400,28.3,27.0,37343.0,2013,9,3,1
503,番石榴-珍珠芭,P1,34.9,10.3,台中市,400,26.9,24.0,22992.0,2013,9,4,2
504,番石榴-珍珠芭,P1,38.8,12.9,台中市,400,27.6,25.5,20775.0,2013,9,5,3
505,番石榴-珍珠芭,P1,41.4,16.2,台中市,400,28.6,27.3,18280.0,2013,9,6,4
506,番石榴-珍珠芭,P1,45.0,18.6,台中市,400,32.2,31.8,20754.0,2013,9,7,5
507,番石榴-珍珠芭,P1,57.4,21.2,台中市,400,36.0,35.9,21900.0,2013,9,8,6
508,番石榴-珍珠芭,P1,46.6,19.6,台中市,400,35.5,35.2,29487.0,2013,9,10,1
509,番石榴-珍珠芭,P1,46.6,20.4,台中市,400,35.9,35.6,27266.0,2013,9,11,2
510,番石榴-珍珠芭,P1,45.4,18.2,台中市,400,36.0,34.7,19553.0,2013,9,12,3
511,番石榴-珍珠芭,P1,41.9,17.9,台中市,400,31.1,28.9,19507.0,2013,9,13,4
512,番石榴-珍珠芭,P1,41.8,16.4,台中市,400,31.4,28.4,31606.0,2013,9,14,5
513,番石榴-珍珠芭,P1,43.3,18.4,台中市,400,31.2,29.4,20779.0,2013,9,15,6
514,番石榴-珍珠芭,P1,40.0,22.5,台中市,400,28.7,30.3,957.0,2013,9,16,0
515,番石榴-珍珠芭,P1,37.7,17.0,台中市,400,27.9,25.4,37581.0,2013,9,17,1
516,番石榴-珍珠芭,P1,36.0,16.1,台中市,400,26.6,25.4,34208.0,2013,9,18,2
517,番石榴-珍珠芭,P1,38.3,13.5,台中市,400,26.4,25.5,31954.0,2013,9,19,3
518,番石榴-珍珠芭,P1,35.9,18.4,台中市,400,27.1,27.2,22347.0,2013,9,22,6
519,番石榴-珍珠芭,P1,33.9,17.1,台中市,400,26.0,24.2,42485.0,2013,9,24,1
520,番石榴-珍珠芭,P1,33.3,16.2,台中市,400,25.1,23.6,52592.0,2013,9,25,2
521,番石榴-珍珠芭,P1,32.4,14.8,台中市,400,25.2,22.6,37950.0,2013,9,26,3
522,番石榴-珍珠芭,P1,32.9,14.8,台中市,400,24.9,23.2,31955.0,2013,9,27,4
523,番石榴-珍珠芭,P1,33.1,14.6,台中市,400,26.4,23.5,37096.0,2013,9,28,5
524,番石榴-珍珠芭,P1,35.1,16.1,台中市,400,26.6,24.8,37540.0,2013,9,29,6
525,番石榴-珍珠芭,P1,37.3,17.2,台中市,400,28.7,25.8,37710.0,2013,10,1,1
526,番石榴-珍珠芭,P1,38.7,16.9,台中市,400,29.5,26.5,39845.0,2013,10,2,2
527,番石榴-珍珠芭,P1,39.7,18.0,台中市,400,31.9,29.2,37169.0,2013,10,3,3
528,番石榴-珍珠芭,P1,41.0,15.9,台中市,400,32.3,28.2,29877.0,2013,10,4,4
529,番石榴-珍珠芭,P1,41.7,17.9,台中市,400,32.9,29.4,46197.0,2013,10,5,5
530,番石榴-珍珠芭,P1,39.2,13.8,台中市,400,31.3,26.4,42401.0,2013,10,6,6
531,番石榴-珍珠芭,P1,38.8,15.1,台中市,400,29.6,25.9,41552.0,2013,10,8,1
532,番石榴-珍珠芭,P1,38.5,16.3,台中市,400,29.2,26.8,39851.0,2013,10,9,2
533,番石榴-珍珠芭,P1,38.8,14.9,台中市,400,31.4,26.4,37955.0,2013,10,10,3
534,番石榴-珍珠芭,P1,40.8,18.2,台中市,400,31.8,29.5,37819.0,2013,10,11,4
535,番石榴-珍珠芭,P1,42.6,18.0,台中市,400,33.3,32.3,43590.0,2013,10,12,5
536,番石榴-珍珠芭,P1,40.9,18.2,台中市,400,32.4,31.3,43011.0,2013,10,13,6
537,番石榴-珍珠芭,P1,42.3,18.4,台中市,400,33.0,29.9,48156.0,2013,10,15,1
538,番石榴-珍珠芭,P1,40.6,16.7,台中市,400,32.2,28.6,47561.0,2013,10,17,3
539,番石榴-珍珠芭,P1,41.9,15.4,台中市,400,32.4,29.2,42403.0,2013,10,18,4
540,番石榴-珍珠芭,P1,39.6,16.0,台中市,400,31.4,28.3,50273.0,2013,10,19,5
541,番石榴-珍珠芭,P1,39.5,15.2,台中市,400,28.7,25.7,46680.0,2013,10,20,6
542,番石榴-珍珠芭,P1,42.2,16.9,台中市,400,30.1,28.9,55199.0,2013,10,22,1
543,番石榴-珍珠芭,P1,38.8,16.0,台中市,400,27.5,25.4,43019.0,2013,10,23,2
544,番石榴-珍珠芭,P1,36.1,14.4,台中市,400,25.9,24.2,41560.0,2013,10,24,3
545,番石榴-珍珠芭,P1,31.9,14.8,台中市,400,24.4,22.7,37585.0,2013,10,25,4
546,番石榴-珍珠芭,P1,39.2,14.0,台中市,400,25.2,23.6,47813.0,2013,10,26,5
547,番石榴-珍珠芭,P1,31.8,15.0,台中市,400,25.1,22.8,46304.0,2013,10,27,6
548,番石榴-珍珠芭,P1,33.0,14.9,台中市,400,26.0,24.1,46509.0,2013,10,29,1
549,番石榴-珍珠芭,P1,35.1,15.2,台中市,400,26.4,24.5,45984.0,2013,10,30,2
550,番石榴-珍珠芭,P1,33.8,15.8,台中市,400,25.5,24.0,43156.0,2013,10,31,3
551,番石榴-珍珠芭,P1,34.1,16.0,台中市,400,25.4,24.2,41130.0,2013,11,1,4
552,番石榴-珍珠芭,P1,32.9,15.9,台中市,400,25.6,23.3,51803.0,2013,11,2,5
553,番石榴-珍珠芭,P1,41.6,16.8,台中市,400,26.2,26.0,42323.0,2013,11,3,6
554,番石榴-珍珠芭,P1,32.9,15.3,台中市,400,25.0,23.4,54878.0,2013,11,5,1
555,番石榴-珍珠芭,P1,33.3,16.3,台中市,400,25.4,24.5,50026.0,2013,11,6,2
556,番石榴-珍珠芭,P1,32.2,16.2,台中市,400,24.1,22.9,50363.0,2013,11,7,3
557,番石榴-珍珠芭,P1,29.6,14.1,台中市,400,22.6,20.9,47125.0,2013,11,8,4
558,番石榴-珍珠芭,P1,31.2,13.8,台中市,400,22.7,21.1,60322.0,2013,11,9,5
559,番石榴-珍珠芭,P1,36.6,13.5,台中市,400,21.6,20.4,44702.0,2013,11,10,6
560,番石榴-珍珠芭,P1,28.8,13.2,台中市,400,21.2,20.2,55096.0,2013,11,12,1
561,番石榴-珍珠芭,P1,26.9,12.1,台中市,400,20.0,18.5,47423.0,2013,11,13,2
562,番石榴-珍珠芭,P1,27.8,13.0,台中市,400,20.3,18.6,46153.0,2013,11,14,3
563,番石榴-珍珠芭,P1,26.7,10.7,台中市,400,19.3,17.8,38054.0,2013,11,15,4
564,番石榴-珍珠芭,P1,28.9,11.4,台中市,400,20.3,18.6,54762.0,2013,11,16,5
565,番石榴-珍珠芭,P1,32.7,11.6,台中市,400,20.2,18.5,41896.0,2013,11,17,6
566,番石榴-珍珠芭,P1,28.6,12.5,台中市,400,20.6,19.0,43434.0,2013,11,19,1
567,番石榴-珍珠芭,P1,30.2,12.1,台中市,400,22.9,20.4,36193.0,2013,11,20,2
568,番石榴-珍珠芭,P1,31.6,15.3,台中市,400,24.6,23.1,42643.0,2013,11,21,3
569,番石榴-珍珠芭,P1,32.7,16.0,台中市,400,25.6,23.4,30584.0,2013,11,22,4
570,番石榴-珍珠芭,P1,33.6,15.7,台中市,400,24.9,23.2,49730.0,2013,11,23,5
571,番石榴-珍珠芭,P1,36.5,17.8,台中市,400,28.5,25.4,31166.0,2013,11,24,6
572,番石榴-珍珠芭,P1,35.9,17.0,台中市,400,28.0,24.6,34449.0,2013,11,26,1
573,番石榴-珍珠芭,P1,39.9,18.9,台中市,400,31.5,27.3,36430.0,2013,11,27,2
574,番石榴-珍珠芭,P1,41.4,18.8,台中市,400,31.0,29.6,30858.0,2013,11,28,3
575,番石榴-珍珠芭,P1,42.9,19.4,台中市,400,32.4,30.8,33084.0,2013,11,29,4
576,番石榴-珍珠芭,P1,42.2,19.5,台中市,400,33.3,30.2,38473.0,2013,11,30,5
577,番石榴-珍珠芭,P1,43.4,20.7,台中市,400,35.1,31.3,33005.0,2013,12,1,6
578,番石榴-珍珠芭,P1,45.8,20.8,台中市,400,36.5,34.4,29046.0,2013,12,3,1
579,番石榴-珍珠芭,P1,46.7,22.1,台中市,400,36.2,35.0,27192.0,2013,12,4,2
580,番石榴-珍珠芭,P1,43.8,24.0,台中市,400,35.4,34.7,26278.0,2013,12,5,3
581,番石榴-珍珠芭,P1,49.7,25.3,台中市,400,39.0,35.0,27917.0,2013,12,6,4
582,番石榴-珍珠芭,P1,49.8,26.2,台中市,400,40.2,36.9,34332.0,2013,12,7,5
583,番石榴-珍珠芭,P1,50.5,23.2,台中市,400,40.7,36.5,28086.0,2013,12,8,6
584,番石榴-珍珠芭,P1,51.3,23.6,台中市,400,41.6,36.4,38886.0,2013,12,10,1
585,番石榴-珍珠芭,P1,52.0,22.9,台中市,400,41.1,37.5,26767.0,2013,12,11,2
586,番石榴-珍珠芭,P1,52.2,24.6,台中市,400,43.5,38.4,29067.0,2013,12,12,3
587,番石榴-珍珠芭,P1,51.8,24.1,台中市,400,41.8,39.2,24650.0,2013,12,13,4
588,番石榴-珍珠芭,P1,51.8,24.9,台中市,400,42.4,39.1,38092.0,2013,12,14,5
589,番石榴-珍珠芭,P1,51.6,24.5,台中市,400,41.4,38.9,27738.0,2013,12,15,6
590,番石榴-珍珠芭,P1,48.8,21.1,台中市,400,38.4,33.7,19093.0,2013,12,18,2
591,番石榴-珍珠芭,P1,48.0,22.4,台中市,400,38.5,36.0,21022.0,2013,12,19,3
592,番石榴-珍珠芭,P1,48.3,24.7,台中市,400,39.3,38.1,30212.0,2013,12,20,4
593,番石榴-珍珠芭,P1,46.9,23.6,台中市,400,39.8,34.6,37729.0,2013,12,21,5
594,番石榴-珍珠芭,P1,47.7,23.1,台中市,400,37.8,34.1,23555.0,2013,12,22,6
595,番石榴-珍珠芭,P1,47.7,22.7,台中市,400,38.7,34.8,24524.0,2013,12,24,1
596,番石榴-珍珠芭,P1,46.1,22.4,台中市,400,36.9,32.0,19476.0,2013,12,25,2
597,番石榴-珍珠芭,P1,47.1,20.1,台中市,400,37.1,34.4,22788.0,2013,12,26,3
598,番石榴-珍珠芭,P1,44.4,19.6,台中市,400,36.2,33.2,24192.0,2013,12,27,4
599,番石榴-珍珠芭,P1,46.6,22.1,台中市,400,38.4,34.0,28610.0,2013,12,28,5
600,番石榴-珍珠芭,P1,47.0,24.1,台中市,400,39.1,36.9,19594.0,2013,12,29,6
601,番石榴-珍珠芭,P1,48.4,23.5,台中市,400,39.8,36.0,24601.0,2013,12,31,1
602,番石榴-珍珠芭,P1,50.8,23.6,台中市,400,39.3,34.3,18681.0,2014,1,1,2
603,番石榴-珍珠芭,P1,49.2,23.6,台中市,400,39.0,38.0,21016.0,2014,1,2,3
604,番石榴-珍珠芭,P1,49.8,23.1,台中市,400,41.3,36.4,20325.0,2014,1,3,4
605,番石榴-珍珠芭,P1,49.4,23.6,台中市,400,39.1,35.4,45601.0,2014,1,4,5
606,番石榴-珍珠芭,P1,47.4,21.7,台中市,400,36.5,33.4,23508.0,2014,1,5,6
607,番石榴-珍珠芭,P1,42.8,19.6,台中市,400,34.6,31.4,35483.0,2014,1,7,1
608,番石榴-珍珠芭,P1,42.1,19.4,台中市,400,33.0,28.8,27038.0,2014,1,8,2
609,番石榴-珍珠芭,P1,41.3,17.2,台中市,400,32.0,27.8,25966.0,2014,1,9,3
610,番石榴-珍珠芭,P1,41.1,17.2,台中市,400,32.2,27.1,21620.0,2014,1,10,4
611,番石榴-珍珠芭,P1,42.9,16.6,台中市,400,32.0,27.5,39333.0,2014,1,11,5
612,番石榴-珍珠芭,P1,47.3,16.0,台中市,400,31.6,30.8,29433.0,2014,1,12,6
613,番石榴-珍珠芭,P1,42.4,14.7,台中市,400,32.7,29.4,38737.0,2014,1,14,1
614,番石榴-珍珠芭,P1,39.1,10.4,台中市,400,27.3,24.2,23882.0,2014,1,15,2
615,番石榴-珍珠芭,P1,41.0,12.2,台中市,400,29.2,26.1,24690.0,2014,1,16,3
616,番石榴-珍珠芭,P1,40.1,15.7,台中市,400,29.5,28.0,28723.0,2014,1,17,4
617,番石榴-珍珠芭,P1,38.9,11.2,台中市,400,29.6,25.9,37291.0,2014,1,18,5
618,番石榴-珍珠芭,P1,43.0,10.1,台中市,400,27.6,25.4,27132.0,2014,1,19,6
619,番石榴-珍珠芭,P1,35.5,11.1,台中市,400,25.5,23.9,42283.0,2014,1,21,1
620,番石榴-珍珠芭,P1,32.9,9.9,台中市,400,23.9,21.7,31617.0,2014,1,22,2
621,番石榴-珍珠芭,P1,25.8,9.4,台中市,400,20.2,17.7,23198.0,2014,1,23,3
622,番石榴-珍珠芭,P1,32.2,11.5,台中市,400,21.0,20.1,22106.0,2014,1,24,4
623,番石榴-珍珠芭,P1,27.6,10.6,台中市,400,20.6,18.8,26505.0,2014,1,25,5
624,番石榴-珍珠芭,P1,28.2,10.1,台中市,400,20.2,19.1,29717.0,2014,1,26,6
625,番石榴-珍珠芭,P1,27.2,10.8,台中市,400,18.4,19.8,11165.0,2014,1,27,0
626,番石榴-珍珠芭,P1,27.3,9.3,台中市,400,18.9,16.0,27126.0,2014,1,28,1
627,番石榴-珍珠芭,P1,36.7,7.2,台中市,400,20.1,18.5,38741.0,2014,1,29,2
628,番石榴-珍珠芭,P1,28.0,8.0,台中市,400,20.2,16.2,14715.0,2014,1,30,3
629,番石榴-珍珠芭,P1,32.5,8.5,台中市,400,22.1,20.7,50330.0,2014,2,5,2
630,番石榴-珍珠芭,P1,26.0,6.1,台中市,400,18.7,16.5,42526.0,2014,2,6,3
631,番石榴-珍珠芭,P1,23.6,6.6,台中市,400,16.2,14.0,33426.0,2014,2,7,4
632,番石榴-珍珠芭,P1,24.7,5.5,台中市,400,15.1,13.5,42745.0,2014,2,8,5
633,番石榴-珍珠芭,P1,31.2,5.4,台中市,400,14.9,13.6,27566.0,2014,2,9,6
634,番石榴-珍珠芭,P1,26.2,7.9,台中市,400,17.4,16.3,38525.0,2014,2,11,1
635,番石榴-珍珠芭,P1,28.8,10.2,台中市,400,20.4,19.2,17880.0,2014,2,12,2
636,番石榴-珍珠芭,P1,27.2,9.6,台中市,400,20.2,18.0,34531.0,2014,2,13,3
637,番石榴-珍珠芭,P1,30.1,7.9,台中市,400,21.4,17.7,26587.0,2014,2,14,4
638,番石榴-珍珠芭,P1,31.0,8.8,台中市,400,21.7,20.1,57979.0,2014,2,18,1
639,番石榴-珍珠芭,P1,30.7,8.9,台中市,400,22.0,20.2,36641.0,2014,2,19,2
640,番石榴-珍珠芭,P1,36.6,9.9,台中市,400,22.9,21.6,22020.0,2014,2,20,3
641,番石榴-珍珠芭,P1,32.0,15.1,台中市,400,25.9,25.2,21899.0,2014,2,21,4
642,番石榴-珍珠芭,P1,35.7,12.1,台中市,400,26.2,24.8,38348.0,2014,2,22,5
643,番石榴-珍珠芭,P1,35.0,16.2,台中市,400,26.0,24.8,32964.0,2014,2,23,6
644,番石榴-珍珠芭,P1,43.8,18.3,台中市,400,31.9,30.9,29103.0,2014,2,25,1
645,番石榴-珍珠芭,P1,41.9,20.0,台中市,400,30.3,31.2,19268.0,2014,2,26,2
646,番石榴-珍珠芭,P1,44.5,19.6,台中市,400,33.1,31.2,27309.0,2014,2,27,3
647,番石榴-珍珠芭,P1,45.3,21.1,台中市,400,34.2,32.3,26204.0,2014,2,28,4
648,番石榴-珍珠芭,P1,47.4,20.7,台中市,400,33.8,33.4,25163.0,2014,3,1,5
649,番石榴-珍珠芭,P1,43.7,22.4,台中市,400,33.2,33.3,32200.0,2014,3,2,6
650,番石榴-珍珠芭,P1,46.0,21.7,台中市,400,33.8,32.0,34701.0,2014,3,4,1
651,番石榴-珍珠芭,P1,46.0,21.9,台中市,400,33.4,33.5,34435.0,2014,3,5,2
652,番石榴-珍珠芭,P1,43.6,21.1,台中市,400,32.2,30.7,27623.0,2014,3,6,3
653,番石榴-珍珠芭,P1,41.5,20.7,台中市,400,32.5,31.4,24425.0,2014,3,7,4
654,番石榴-珍珠芭,P1,42.3,20.0,台中市,400,32.5,30.6,32005.0,2014,3,8,5
655,番石榴-珍珠芭,P1,46.3,22.0,台中市,400,32.2,31.8,26339.0,2014,3,9,6
656,番石榴-珍珠芭,P1,41.4,21.7,台中市,400,32.3,30.7,36315.0,2014,3,11,1
657,番石榴-珍珠芭,P1,43.4,21.9,台中市,400,33.2,32.0,27438.0,2014,3,12,2
658,番石榴-珍珠芭,P1,43.2,21.3,台中市,400,32.5,32.5,24944.0,2014,3,13,3
659,番石榴-珍珠芭,P1,42.8,21.3,台中市,400,31.7,32.8,22783.0,2014,3,14,4
660,番石榴-珍珠芭,P1,46.1,22.2,台中市,400,33.9,33.6,35863.0,2014,3,15,5
661,番石榴-珍珠芭,P1,43.4,22.1,台中市,400,32.5,31.7,24364.0,2014,3,16,6
662,番石榴-珍珠芭,P1,43.5,21.8,台中市,400,33.5,33.2,32686.0,2014,3,18,1
663,番石榴-珍珠芭,P1,40.4,19.7,台中市,400,28.5,28.7,31789.0,2014,3,19,2
664,番石榴-珍珠芭,P1,37.9,19.6,台中市,400,29.4,28.2,29094.0,2014,3,20,3
665,番石榴-珍珠芭,P1,38.4,19.7,台中市,400,27.8,27.4,21761.0,2014,3,21,4
666,番石榴-珍珠芭,P1,37.9,19.5,台中市,400,28.7,27.0,27957.0,2014,3,22,5
667,番石榴-珍珠芭,P1,40.9,19.3,台中市,400,27.7,27.2,28740.0,2014,3,23,6
668,番石榴-珍珠芭,P1,38.9,19.3,台中市,400,29.2,27.7,35768.0,2014,3,25,1
669,番石榴-珍珠芭,P1,36.4,19.2,台中市,400,28.7,26.6,30181.0,2014,3,26,2
670,番石榴-珍珠芭,P1,33.7,15.3,台中市,400,25.6,23.6,33964.0,2014,3,27,3
671,番石榴-珍珠芭,P1,32.6,15.6,台中市,400,26.1,23.0,33397.0,2014,3,28,4
672,番石榴-珍珠芭,P1,30.4,14.1,台中市,400,22.3,20.7,41587.0,2014,3,29,5
673,番石榴-珍珠芭,P1,33.2,11.9,台中市,400,20.5,19.5,41056.0,2014,3,30,6
674,番石榴-珍珠芭,P1,26.1,10.9,台中市,400,18.5,17.6,43701.0,2014,4,1,1
675,番石榴-珍珠芭,P1,22.7,9.7,台中市,400,17.4,14.6,37399.0,2014,4,2,2
676,番石榴-珍珠芭,P1,24.3,10.0,台中市,400,17.2,15.4,39714.0,2014,4,3,3
677,番石榴-珍珠芭,P1,30.4,9.4,台中市,400,17.8,17.1,43325.0,2014,4,4,4
678,番石榴-珍珠芭,P1,23.2,9.0,台中市,400,17.1,15.7,75335.0,2014,4,8,1
679,番石榴-珍珠芭,P1,22.5,7.8,台中市,400,16.0,13.9,43454.0,2014,4,9,2
680,番石榴-珍珠芭,P1,20.8,7.6,台中市,400,14.8,13.1,42508.0,2014,4,10,3
681,番石榴-珍珠芭,P1,22.2,7.7,台中市,400,15.2,14.1,44795.0,2014,4,11,4
682,番石榴-珍珠芭,P1,23.0,7.2,台中市,400,15.5,14.7,54062.0,2014,4,12,5
683,番石榴-珍珠芭,P1,30.7,7.9,台中市,400,16.1,15.3,39501.0,2014,4,13,6
684,番石榴-珍珠芭,P1,21.3,7.8,台中市,400,16.9,13.9,49097.0,2014,4,15,1
685,番石榴-珍珠芭,P1,20.3,6.8,台中市,400,15.0,13.4,34808.0,2014,4,16,2
686,番石榴-珍珠芭,P1,24.6,9.4,台中市,400,18.9,16.7,39795.0,2014,4,17,3
687,番石榴-珍珠芭,P1,25.0,9.3,台中市,400,18.9,18.1,33181.0,2014,4,18,4
688,番石榴-珍珠芭,P1,23.7,9.1,台中市,400,18.2,16.2,46109.0,2014,4,19,5
689,番石榴-珍珠芭,P1,28.0,9.2,台中市,400,19.0,18.3,26496.0,2014,4,20,6
690,番石榴-珍珠芭,P1,25.8,10.0,台中市,400,19.7,17.9,40124.0,2014,4,22,1
691,番石榴-珍珠芭,P1,24.4,10.0,台中市,400,18.7,17.4,28635.0,2014,4,23,2
692,番石榴-珍珠芭,P1,26.8,10.4,台中市,400,19.3,18.9,37440.0,2014,4,24,3
693,番石榴-珍珠芭,P1,26.0,10.3,台中市,400,19.5,18.8,39415.0,2014,4,25,4
694,番石榴-珍珠芭,P1,31.5,9.7,台中市,400,19.8,19.2,40111.0,2014,4,26,5
695,番石榴-珍珠芭,P1,26.0,9.5,台中市,400,19.3,19.0,40142.0,2014,4,27,6
696,番石榴-珍珠芭,P1,26.8,9.7,台中市,400,20.5,19.6,49685.0,2014,4,29,1
697,番石榴-珍珠芭,P1,26.5,10.6,台中市,400,20.7,20.0,32308.0,2014,4,30,2
698,番石榴-珍珠芭,P1,31.6,11.4,台中市,400,23.7,22.5,34995.0,2014,5,1,3
699,番石榴-珍珠芭,P1,31.8,14.0,台中市,400,24.3,23.7,19116.0,2014,5,2,4
700,番石榴-珍珠芭,P1,36.4,16.6,台中市,400,25.1,25.2,38233.0,2014,5,3,5
701,番石榴-珍珠芭,P1,33.2,15.8,台中市,400,25.5,25.3,34844.0,2014,5,4,6
702,番石榴-珍珠芭,P1,32.7,14.7,台中市,400,25.6,24.1,38067.0,2014,5,6,1
703,番石榴-珍珠芭,P1,32.5,15.6,台中市,400,26.5,25.7,18077.0,2014,5,7,2
704,番石榴-珍珠芭,P1,35.3,16.1,台中市,400,25.5,25.1,35918.0,2014,5,8,3
705,番石榴-珍珠芭,P1,35.9,18.9,台中市,400,27.6,27.6,13715.0,2014,5,9,4
706,番石榴-珍珠芭,P1,34.5,16.2,台中市,400,26.2,25.9,39435.0,2014,5,10,5
707,番石榴-珍珠芭,P1,35.2,17.9,台中市,400,27.6,26.5,26931.0,2014,5,11,6
708,番石榴-珍珠芭,P1,39.8,17.6,台中市,400,27.5,27.3,34387.0,2014,5,13,1
709,番石榴-珍珠芭,P1,36.4,13.8,台中市,400,27.9,26.3,18374.0,2014,5,14,2
710,番石榴-珍珠芭,P1,37.0,18.6,台中市,400,27.4,27.1,32218.0,2014,5,15,3
711,番石榴-珍珠芭,P1,39.9,15.9,台中市,400,26.7,27.3,15555.0,2014,5,16,4
712,番石榴-珍珠芭,P1,36.6,17.0,台中市,400,28.2,27.5,26588.0,2014,5,17,5
713,番石榴-珍珠芭,P1,35.2,19.6,台中市,400,27.0,27.6,22584.0,2014,5,18,6
714,番石榴-珍珠芭,P1,36.5,15.2,台中市,400,27.5,27.4,21138.0,2014,5,20,1
715,番石榴-珍珠芭,P1,36.2,15.5,台中市,400,26.7,26.8,20132.0,2014,5,21,2
716,番石榴-珍珠芭,P1,35.5,15.2,台中市,400,28.4,28.0,16840.0,2014,5,22,3
717,番石榴-珍珠芭,P1,40.8,17.2,台中市,400,30.1,30.7,17941.0,2014,5,23,4
718,番石榴-珍珠芭,P1,39.1,17.6,台中市,400,31.7,30.5,20884.0,2014,5,24,5
719,番石榴-珍珠芭,P1,43.2,18.8,台中市,400,34.4,35.3,8610.0,2014,5,25,6
720,番石榴-珍珠芭,P1,42.3,17.2,台中市,400,33.6,32.9,23185.0,2014,5,27,1
721,番石榴-珍珠芭,P1,44.5,22.3,台中市,400,34.5,34.6,19844.0,2014,5,28,2
722,番石榴-珍珠芭,P1,46.7,24.2,台中市,400,36.6,36.6,17937.0,2014,5,29,3
723,番石榴-珍珠芭,P1,47.7,23.6,台中市,400,36.1,37.8,12810.0,2014,5,30,4
724,番石榴-珍珠芭,P1,47.7,26.8,台中市,400,38.6,38.8,19958.0,2014,5,31,5
725,番石榴-珍珠芭,P1,45.0,24.8,台中市,400,38.2,36.0,17199.0,2014,6,1,6
726,番石榴-珍珠芭,P1,44.6,18.6,台中市,400,37.2,33.6,5233.0,2014,6,2,0
727,番石榴-珍珠芭,P1,39.6,19.8,台中市,400,29.6,30.6,40951.0,2014,6,5,3
728,番石榴-珍珠芭,P1,35.2,18.8,台中市,400,28.5,27.5,14426.0,2014,6,6,4
729,番石榴-珍珠芭,P1,37.2,20.0,台中市,400,28.9,27.9,23841.0,2014,6,7,5
730,番石榴-珍珠芭,P1,37.5,18.3,台中市,400,28.8,26.5,19656.0,2014,6,8,6
731,番石榴-珍珠芭,P1,37.4,19.8,台中市,400,28.3,27.2,26698.0,2014,6,10,1
732,番石榴-珍珠芭,P1,38.8,18.2,台中市,400,28.6,26.3,13453.0,2014,6,11,2
733,番石榴-珍珠芭,P1,38.9,19.9,台中市,400,28.7,29.0,25523.0,2014,6,12,3
734,番石榴-珍珠芭,P1,39.8,20.0,台中市,400,30.6,30.2,12655.0,2014,6,13,4
735,番石榴-珍珠芭,P1,37.9,19.6,台中市,400,29.9,28.5,23631.0,2014,6,14,5
736,番石榴-珍珠芭,P1,35.6,19.7,台中市,400,29.8,29.3,14465.0,2014,6,15,6
737,番石榴-珍珠芭,P1,41.1,19.7,台中市,400,30.2,29.9,25818.0,2014,6,17,1
738,番石榴-珍珠芭,P1,37.1,19.6,台中市,400,30.6,29.8,19171.0,2014,6,18,2
739,番石榴-珍珠芭,P1,38.5,20.0,台中市,400,30.0,30.0,26832.0,2014,6,19,3
740,番石榴-珍珠芭,P1,36.5,20.0,台中市,400,28.1,27.7,15381.0,2014,6,20,4
741,番石榴-珍珠芭,P1,31.0,17.8,台中市,400,26.4,25.6,24820.0,2014,6,21,5
742,番石榴-珍珠芭,P1,31.2,17.7,台中市,400,25.5,24.4,18644.0,2014,6,22,6
743,番石榴-珍珠芭,P1,34.8,17.4,台中市,400,27.4,25.1,33335.0,2014,6,24,1
744,番石榴-珍珠芭,P1,34.9,12.3,台中市,400,23.2,21.2,14858.0,2014,6,25,2
745,番石榴-珍珠芭,P1,34.4,13.6,台中市,400,21.8,21.5,23120.0,2014,6,26,3
746,番石榴-珍珠芭,P1,30.4,9.5,台中市,400,19.2,19.2,16064.0,2014,6,27,4
747,番石榴-珍珠芭,P1,27.0,11.3,台中市,400,19.9,19.1,40224.0,2014,6,28,5
748,番石榴-珍珠芭,P1,27.9,10.2,台中市,400,19.0,16.9,21694.0,2014,6,29,6
749,番石榴-珍珠芭,P1,22.8,9.4,台中市,400,17.3,16.1,37715.0,2014,7,1,1
750,番石榴-珍珠芭,P1,21.7,9.0,台中市,400,16.1,14.7,23591.0,2014,7,2,2
751,番石榴-珍珠芭,P1,22.9,8.8,台中市,400,15.9,14.1,29462.0,2014,7,3,3
752,番石榴-珍珠芭,P1,21.3,6.7,台中市,400,15.9,13.5,23523.0,2014,7,4,4
753,番石榴-珍珠芭,P1,18.5,7.5,台中市,400,15.5,13.3,39265.0,2014,7,5,5
754,番石榴-珍珠芭,P1,21.7,8.7,台中市,400,16.1,15.3,31563.0,2014,7,6,6
755,番石榴-珍珠芭,P1,20.5,8.6,台中市,400,15.9,14.2,47549.0,2014,7,8,1
756,番石榴-珍珠芭,P1,20.7,8.9,台中市,400,15.1,13.7,25516.0,2014,7,9,2
757,番石榴-珍珠芭,P1,18.5,8.2,台中市,400,14.1,12.6,35915.0,2014,7,10,3
758,番石榴-珍珠芭,P1,19.8,8.0,台中市,400,14.1,12.9,28766.0,2014,7,11,4
759,番石榴-珍珠芭,P1,18.9,7.6,台中市,400,14.1,12.7,43725.0,2014,7,12,5
760,番石榴-珍珠芭,P1,24.3,6.8,台中市,400,13.1,11.9,24408.0,2014,7,13,6
761,番石榴-珍珠芭,P1,18.0,6.9,台中市,400,13.2,11.9,47061.0,2014,7,15,1
762,番石榴-珍珠芭,P1,17.0,6.2,台中市,400,12.8,11.5,31686.0,2014,7,16,2
763,番石榴-珍珠芭,P1,17.7,5.8,台中市,400,11.2,10.3,50225.0,2014,7,17,3
764,番石榴-珍珠芭,P1,15.2,4.4,台中市,400,10.1,9.5,31512.0,2014,7,18,4
765,番石榴-珍珠芭,P1,15.1,4.7,台中市,400,10.2,9.3,47015.0,2014,7,19,5
766,番石榴-珍珠芭,P1,21.6,4.3,台中市,400,10.1,9.1,27517.0,2014,7,20,6
767,番石榴-珍珠芭,P1,14.6,4.5,台中市,400,9.8,9.5,53035.0,2014,7,22,1
768,番石榴-珍珠芭,P1,14.6,3.9,台中市,400,9.6,9.2,40514.0,2014,7,23,2
769,番石榴-珍珠芭,P1,15.4,5.8,台中市,400,10.6,10.3,15444.0,2014,7,24,3
770,番石榴-珍珠芭,P1,16.7,5.3,台中市,400,11.4,10.8,22146.0,2014,7,25,4
771,番石榴-珍珠芭,P1,15.4,4.5,台中市,400,10.3,10.0,40387.0,2014,7,26,5
772,番石榴-珍珠芭,P1,22.0,4.8,台中市,400,10.2,9.5,41637.0,2014,7,27,6
773,番石榴-珍珠芭,P1,14.5,5.4,台中市,400,9.9,9.2,58246.0,2014,7,29,1
774,番石榴-珍珠芭,P1,16.2,4.8,台中市,400,9.8,9.1,42890.0,2014,7,30,2
775,番石榴-珍珠芭,P1,15.5,5.0,台中市,400,9.2,9.0,43069.0,2014,7,31,3
776,番石榴-珍珠芭,P1,15.4,5.2,台中市,400,9.7,9.0,30406.0,2014,8,1,4
777,番石榴-珍珠芭,P1,14.0,5.0,台中市,400,9.0,8.9,44805.0,2014,8,2,5
778,番石榴-珍珠芭,P1,17.2,5.2,台中市,400,9.8,10.2,33202.0,2014,8,3,6
779,番石榴-珍珠芭,P1,15.4,5.3,台中市,400,10.1,9.5,47359.0,2014,8,5,1
780,番石榴-珍珠芭,P1,15.4,5.3,台中市,400,10.3,9.9,35684.0,2014,8,6,2
781,番石榴-珍珠芭,P1,16.0,4.8,台中市,400,9.8,9.7,43928.0,2014,8,7,3
782,番石榴-珍珠芭,P1,15.0,4.9,台中市,400,9.5,9.0,36052.0,2014,8,8,4
783,番石榴-珍珠芭,P1,14.3,5.0,台中市,400,9.6,9.2,36084.0,2014,8,9,5
784,番石榴-珍珠芭,P1,21.3,5.4,台中市,400,9.6,9.9,28781.0,2014,8,10,6
785,番石榴-珍珠芭,P1,15.6,5.6,台中市,400,10.2,9.9,25955.0,2014,8,13,2
786,番石榴-珍珠芭,P1,15.8,6.5,台中市,400,10.6,10.6,33907.0,2014,8,14,3
787,番石榴-珍珠芭,P1,17.3,5.7,台中市,400,10.7,9.9,39267.0,2014,8,15,4
788,番石榴-珍珠芭,P1,15.8,5.4,台中市,400,10.6,9.5,43055.0,2014,8,16,5
789,番石榴-珍珠芭,P1,17.3,4.8,台中市,400,10.6,9.6,41796.0,2014,8,17,6
790,番石榴-珍珠芭,P1,17.1,5.2,台中市,400,10.6,10.4,42200.0,2014,8,19,1
791,番石榴-珍珠芭,P1,18.2,6.6,台中市,400,12.6,12.0,34799.0,2014,8,20,2
792,番石榴-珍珠芭,P1,19.9,7.5,台中市,400,13.8,13.0,38984.0,2014,8,21,3
793,番石榴-珍珠芭,P1,19.7,7.9,台中市,400,14.1,13.3,33710.0,2014,8,22,4
794,番石榴-珍珠芭,P1,19.6,7.9,台中市,400,13.9,13.2,41453.0,2014,8,23,5
795,番石榴-珍珠芭,P1,24.9,7.6,台中市,400,15.4,14.0,29841.0,2014,8,24,6
796,番石榴-珍珠芭,P1,23.5,5.7,台中市,400,16.6,14.9,34402.0,2014,8,26,1
797,番石榴-珍珠芭,P1,22.6,6.0,台中市,400,17.2,14.2,31160.0,2014,8,27,2
798,番石榴-珍珠芭,P1,25.8,7.0,台中市,400,16.9,16.0,30190.0,2014,8,28,3
799,番石榴-珍珠芭,P1,23.5,7.4,台中市,400,17.3,15.2,32958.0,2014,8,29,4
800,番石榴-珍珠芭,P1,26.8,8.7,台中市,400,18.0,17.6,35914.0,2014,8,30,5
801,番石榴-珍珠芭,P1,22.5,9.0,台中市,400,17.2,16.6,25349.0,2014,8,31,6
802,番石榴-珍珠芭,P1,25.4,8.8,台中市,400,18.9,16.2,41184.0,2014,9,2,1
803,番石榴-珍珠芭,P1,32.0,9.6,台中市,400,21.8,20.7,31405.0,2014,9,3,2
804,番石榴-珍珠芭,P1,32.0,10.0,台中市,400,23.8,22.2,34186.0,2014,9,4,3
805,番石榴-珍珠芭,P1,31.9,8.1,台中市,400,24.7,22.1,29574.0,2014,9,5,4
806,番石榴-珍珠芭,P1,32.0,7.2,台中市,400,25.5,22.9,40716.0,2014,9,6,5
807,番石榴-珍珠芭,P1,34.1,10.4,台中市,400,26.4,24.4,33188.0,2014,9,7,6
808,番石榴-珍珠芭,P1,33.5,9.7,台中市,400,28.7,25.3,11982.0,2014,9,8,0
809,番石榴-珍珠芭,P1,36.8,9.5,台中市,400,29.0,26.0,40722.0,2014,9,11,3
810,番石榴-珍珠芭,P1,35.8,12.3,台中市,400,29.6,27.0,36843.0,2014,9,12,4
811,番石榴-珍珠芭,P1,35.1,9.8,台中市,400,28.0,24.9,39434.0,2014,9,13,5
812,番石榴-珍珠芭,P1,37.3,10.9,台中市,400,28.1,25.6,36314.0,2014,9,14,6
813,番石榴-珍珠芭,P1,36.8,13.2,台中市,400,29.4,27.9,34617.0,2014,9,16,1
814,番石榴-珍珠芭,P1,39.4,13.4,台中市,400,32.6,28.3,24324.0,2014,9,17,2
815,番石榴-珍珠芭,P1,40.6,13.8,台中市,400,33.1,30.2,33748.0,2014,9,18,3
816,番石榴-珍珠芭,P1,46.5,14.8,台中市,400,37.7,36.1,28203.0,2014,9,19,4
817,番石榴-珍珠芭,P1,47.8,18.2,台中市,400,38.7,37.5,36964.0,2014,9,20,5
818,番石榴-珍珠芭,P1,46.7,14.0,台中市,400,38.2,34.5,33973.0,2014,9,21,6
819,番石榴-珍珠芭,P1,46.8,14.4,台中市,400,38.5,35.9,34292.0,2014,9,23,1
820,番石榴-珍珠芭,P1,46.9,18.6,台中市,400,39.2,37.9,31801.0,2014,9,24,2
821,番石榴-珍珠芭,P1,47.6,16.5,台中市,400,39.3,36.7,35234.0,2014,9,25,3
822,番石榴-珍珠芭,P1,46.4,18.3,台中市,400,38.5,36.2,24311.0,2014,9,26,4
823,番石榴-珍珠芭,P1,49.3,16.4,台中市,400,38.4,36.8,39730.0,2014,9,27,5
824,番石榴-珍珠芭,P1,46.1,17.0,台中市,400,37.4,34.4,34399.0,2014,9,28,6
825,番石榴-珍珠芭,P1,50.5,16.9,台中市,400,41.1,37.0,31902.0,2014,9,30,1
826,番石榴-珍珠芭,P1,50.6,16.6,台中市,400,40.5,35.9,27913.0,2014,10,1,2
827,番石榴-珍珠芭,P1,51.1,21.0,台中市,400,41.1,38.6,32974.0,2014,10,2,3
828,番石榴-珍珠芭,P1,51.8,20.7,台中市,400,40.4,38.9,25850.0,2014,10,3,4
829,番石榴-珍珠芭,P1,50.2,23.9,台中市,400,41.3,38.0,37720.0,2014,10,4,5
830,番石榴-珍珠芭,P1,50.6,24.5,台中市,400,41.5,39.0,33173.0,2014,10,5,6
831,番石榴-珍珠芭,P1,51.1,24.6,台中市,400,42.1,38.3,32311.0,2014,10,7,1
832,番石榴-珍珠芭,P1,51.4,24.4,台中市,400,41.4,38.0,34426.0,2014,10,8,2
833,番石榴-珍珠芭,P1,50.6,18.5,台中市,400,41.1,38.0,32387.0,2014,10,9,3
834,番石榴-珍珠芭,P1,48.5,20.8,台中市,400,40.7,36.4,29232.0,2014,10,10,4
835,番石榴-珍珠芭,P1,52.8,26.4,台中市,400,42.3,40.2,34790.0,2014,10,11,5
836,番石榴-珍珠芭,P1,53.0,23.5,台中市,400,41.8,39.2,27746.0,2014,10,12,6
837,番石榴-珍珠芭,P1,54.5,26.2,台中市,400,43.5,40.4,39368.0,2014,10,14,1
838,番石榴-珍珠芭,P1,52.2,24.8,台中市,400,43.1,39.1,29727.0,2014,10,15,2
839,番石榴-珍珠芭,P1,51.6,20.9,台中市,400,42.6,38.6,32050.0,2014,10,16,3
840,番石榴-珍珠芭,P1,50.6,24.0,台中市,400,42.0,39.3,35333.0,2014,10,17,4
841,番石榴-珍珠芭,P1,52.4,23.6,台中市,400,43.3,39.6,40686.0,2014,10,18,5
842,番石榴-珍珠芭,P1,54.5,28.5,台中市,400,43.8,42.8,36928.0,2014,10,19,6
843,番石榴-珍珠芭,P1,53.1,26.3,台中市,400,42.9,39.4,40546.0,2014,10,21,1
844,番石榴-珍珠芭,P1,51.5,27.5,台中市,400,43.5,39.4,32094.0,2014,10,22,2
845,番石榴-珍珠芭,P1,52.2,28.3,台中市,400,43.5,40.0,39024.0,2014,10,25,5
846,番石榴-珍珠芭,P1,51.5,27.9,台中市,400,44.3,42.9,42513.0,2014,10,26,6
847,番石榴-珍珠芭,P1,51.0,26.5,台中市,400,42.7,38.2,44350.0,2014,10,28,1
848,番石榴-珍珠芭,P1,53.5,25.0,台中市,400,42.0,40.0,33764.0,2014,10,29,2
849,番石榴-珍珠芭,P1,50.7,28.4,台中市,400,41.8,38.7,37079.0,2014,10,30,3
850,番石榴-珍珠芭,P1,50.4,27.1,台中市,400,41.7,38.9,35935.0,2014,10,31,4
851,番石榴-珍珠芭,P1,52.6,25.6,台中市,400,41.4,38.1,48069.0,2014,11,1,5
852,番石榴-珍珠芭,P1,49.7,24.0,台中市,400,40.9,37.9,30875.0,2014,11,2,6
853,番石榴-珍珠芭,P1,51.2,28.3,台中市,400,41.8,39.0,52120.0,2014,11,4,1
854,番石榴-珍珠芭,P1,50.8,27.7,台中市,400,40.6,38.9,35724.0,2014,11,5,2
855,番石榴-珍珠芭,P1,50.4,26.3,台中市,400,41.2,36.6,39284.0,2014,11,6,3
856,番石榴-珍珠芭,P1,49.3,27.4,台中市,400,41.7,37.8,38467.0,2014,11,7,4
857,番石榴-珍珠芭,P1,53.1,28.4,台中市,400,42.6,41.6,38490.0,2014,11,8,5
858,番石榴-珍珠芭,P1,51.9,28.5,台中市,400,42.5,43.2,35540.0,2014,11,9,6
859,番石榴-珍珠芭,P1,50.9,26.2,台中市,400,42.3,38.7,39765.0,2014,11,11,1
860,番石榴-珍珠芭,P1,52.8,28.1,台中市,400,41.3,39.3,34603.0,2014,11,12,2
861,番石榴-珍珠芭,P1,52.6,27.6,台中市,400,42.4,39.5,34805.0,2014,11,13,3
862,番石榴-珍珠芭,P1,52.8,28.8,台中市,400,43.2,40.4,30711.0,2014,11,14,4
863,番石榴-珍珠芭,P1,51.7,28.5,台中市,400,43.5,39.4,36388.0,2014,11,15,5
864,番石榴-珍珠芭,P1,51.7,27.4,台中市,400,43.2,40.8,37567.0,2014,11,16,6
865,番石榴-珍珠芭,P1,52.5,29.0,台中市,400,42.5,39.5,38128.0,2014,11,18,1
866,番石榴-珍珠芭,P1,51.4,29.4,台中市,400,43.4,40.7,34623.0,2014,11,19,2
867,番石榴-珍珠芭,P1,51.5,28.1,台中市,400,41.5,40.2,40354.0,2014,11,20,3
868,番石榴-珍珠芭,P1,54.2,28.5,台中市,400,42.9,41.9,34719.0,2014,11,21,4
869,番石榴-珍珠芭,P1,51.1,27.8,台中市,400,42.5,39.1,36402.0,2014,11,22,5
870,番石榴-珍珠芭,P1,56.5,26.4,台中市,400,42.3,41.3,33551.0,2014,11,23,6
871,番石榴-珍珠芭,P1,51.6,29.8,台中市,400,43.7,41.4,32816.0,2014,11,25,1
872,番石榴-珍珠芭,P1,53.0,29.9,台中市,400,43.0,40.6,28183.0,2014,11,26,2
873,番石榴-珍珠芭,P1,51.0,27.9,台中市,400,40.2,39.8,32874.0,2014,11,28,4
874,番石榴-珍珠芭,P1,52.5,28.0,台中市,400,40.9,38.6,46448.0,2014,11,29,5
875,番石榴-珍珠芭,P1,45.3,24.7,台中市,400,35.6,33.3,23450.0,2014,11,30,6
876,番石榴-珍珠芭,P1,47.3,25.0,台中市,400,38.5,36.5,53964.0,2014,12,2,1
877,番石榴-珍珠芭,P1,46.1,23.6,台中市,400,36.7,34.3,26672.0,2014,12,3,2
878,番石榴-珍珠芭,P1,44.7,22.1,台中市,400,37.2,33.4,40449.0,2014,12,4,3
879,番石榴-珍珠芭,P1,39.1,20.0,台中市,400,30.2,28.2,29793.0,2014,12,5,4
880,番石榴-珍珠芭,P1,40.8,20.6,台中市,400,30.9,28.8,38880.0,2014,12,6,5
881,番石榴-珍珠芭,P1,39.7,18.1,台中市,400,30.2,28.7,33502.0,2014,12,7,6
882,番石榴-珍珠芭,P1,37.0,18.5,台中市,400,28.3,27.8,40700.0,2014,12,9,1
883,番石榴-珍珠芭,P1,38.8,18.1,台中市,400,27.3,25.7,37115.0,2014,12,10,2
884,番石榴-珍珠芭,P1,32.0,14.7,台中市,400,23.6,22.9,37679.0,2014,12,11,3
885,番石榴-珍珠芭,P1,31.2,12.8,台中市,400,20.2,19.8,31630.0,2014,12,12,4
886,番石榴-珍珠芭,P1,32.9,12.2,台中市,400,20.2,19.4,39223.0,2014,12,13,5
887,番石榴-珍珠芭,P1,27.0,10.8,台中市,400,19.6,17.6,35813.0,2014,12,14,6
888,番石榴-珍珠芭,P1,29.2,11.4,台中市,400,20.2,19.2,36662.0,2014,12,17,2
889,番石榴-珍珠芭,P1,28.4,11.6,台中市,400,19.8,18.8,34147.0,2014,12,18,3
890,番石榴-珍珠芭,P1,27.2,12.2,台中市,400,20.2,18.8,34229.0,2014,12,19,4
891,番石榴-珍珠芭,P1,31.8,13.2,台中市,400,23.5,22.1,29377.0,2014,12,20,5
892,番石榴-珍珠芭,P1,32.8,13.8,台中市,400,24.8,23.1,30077.0,2014,12,23,1
893,番石榴-珍珠芭,P1,32.3,14.7,台中市,400,24.2,21.3,36740.0,2014,12,24,2
894,番石榴-珍珠芭,P1,29.4,13.2,台中市,400,22.4,19.6,39579.0,2014,12,25,3
895,番石榴-珍珠芭,P1,30.6,10.2,台中市,400,22.6,19.4,38436.0,2014,12,26,4
896,番石榴-珍珠芭,P1,31.4,11.0,台中市,400,21.3,19.0,36916.0,2014,12,27,5
897,番石榴-珍珠芭,P1,27.6,10.5,台中市,400,19.8,19.4,46691.0,2014,12,28,6
898,番石榴-珍珠芭,P1,27.3,10.8,台中市,400,21.6,18.0,42279.0,2014,12,30,1
899,番石榴-珍珠芭,P1,26.9,11.8,台中市,400,20.6,19.0,33228.0,2014,12,31,2
900,番石榴-珍珠芭,P1,29.6,12.2,台中市,400,21.1,19.5,38072.0,2015,1,1,3
901,番石榴-珍珠芭,P1,32.6,13.5,台中市,400,21.8,21.0,23299.0,2015,1,2,4
902,番石榴-珍珠芭,P1,29.4,13.6,台中市,400,21.3,21.3,32154.0,2015,1,3,5
903,番石榴-珍珠芭,P1,33.4,14.2,台中市,400,23.7,23.0,33236.0,2015,1,4,6
904,番石榴-珍珠芭,P1,31.8,13.2,台中市,400,23.3,20.2,26548.0,2015,1,6,1
905,番石榴-珍珠芭,P1,31.2,10.7,台中市,400,23.8,21.1,32156.0,2015,1,7,2
906,番石榴-珍珠芭,P1,32.5,10.9,台中市,400,25.0,21.1,38414.0,2015,1,8,3
907,番石榴-珍珠芭,P1,32.6,11.0,台中市,400,23.9,21.7,32347.0,2015,1,9,4
908,番石榴-珍珠芭,P1,32.1,12.0,台中市,400,24.7,21.5,35823.0,2015,1,10,5
909,番石榴-珍珠芭,P1,32.2,12.1,台中市,400,23.9,21.3,30504.0,2015,1,11,6
910,番石榴-珍珠芭,P1,31.8,9.9,台中市,400,24.7,18.5,32454.0,2015,1,13,1
911,番石榴-珍珠芭,P1,32.4,9.2,台中市,400,23.5,20.7,27170.0,2015,1,14,2
912,番石榴-珍珠芭,P1,32.3,10.2,台中市,400,25.4,21.2,24748.0,2015,1,15,3
913,番石榴-珍珠芭,P1,32.3,11.2,台中市,400,24.8,22.4,27150.0,2015,1,16,4
914,番石榴-珍珠芭,P1,34.0,10.8,台中市,400,26.0,23.1,34730.0,2015,1,17,5
915,番石榴-珍珠芭,P1,33.1,12.5,台中市,400,24.1,24.1,21026.0,2015,1,18,6
916,番石榴-珍珠芭,P1,33.0,11.9,台中市,400,25.0,20.8,27306.0,2015,1,20,1
917,番石榴-珍珠芭,P1,33.0,12.7,台中市,400,24.9,22.3,27842.0,2015,1,21,2
918,番石榴-珍珠芭,P1,34.4,9.9,台中市,400,26.0,21.9,27971.0,2015,1,22,3
919,番石榴-珍珠芭,P1,32.9,11.9,台中市,400,24.5,22.0,27502.0,2015,1,23,4
920,番石榴-珍珠芭,P1,35.0,10.5,台中市,400,25.7,22.1,32366.0,2015,1,24,5
921,番石榴-珍珠芭,P1,34.7,12.8,台中市,400,26.0,25.1,25652.0,2015,1,25,6
922,番石榴-珍珠芭,P1,35.3,12.6,台中市,400,27.2,22.7,33239.0,2015,1,27,1
923,番石榴-珍珠芭,P1,32.6,11.4,台中市,400,25.1,23.2,22748.0,2015,1,28,2
924,番石榴-珍珠芭,P1,36.8,13.7,台中市,400,26.2,23.4,23996.0,2015,1,29,3
925,番石榴-珍珠芭,P1,32.9,15.8,台中市,400,26.4,24.4,31772.0,2015,1,30,4
926,番石榴-珍珠芭,P1,33.3,13.9,台中市,400,27.7,24.7,32602.0,2015,1,31,5
927,番石榴-珍珠芭,P1,34.2,11.7,台中市,400,27.0,25.5,23525.0,2015,2,1,6
928,番石榴-珍珠芭,P1,36.3,12.6,台中市,400,27.6,24.2,28718.0,2015,2,3,1
929,番石榴-珍珠芭,P1,32.9,10.7,台中市,400,27.8,23.9,28117.0,2015,2,4,2
930,番石榴-珍珠芭,P1,30.7,15.0,台中市,400,26.0,24.5,28047.0,2015,2,5,3
931,番石榴-珍珠芭,P1,30.9,16.3,台中市,400,25.9,24.8,23515.0,2015,2,6,4
932,番石榴-珍珠芭,P1,33.4,13.4,台中市,400,26.2,23.2,26057.0,2015,2,7,5
933,番石榴-珍珠芭,P1,34.6,12.8,台中市,400,25.8,23.3,25445.0,2015,2,8,6
934,番石榴-珍珠芭,P1,30.7,12.3,台中市,400,24.9,21.0,20233.0,2015,2,11,2
935,番石榴-珍珠芭,P1,28.2,11.1,台中市,400,21.3,19.2,23945.0,2015,2,12,3
936,番石榴-珍珠芭,P1,31.5,10.6,台中市,400,20.2,19.2,20882.0,2015,2,13,4
937,番石榴-珍珠芭,P1,26.2,10.1,台中市,400,19.6,18.1,37112.0,2015,2,14,5
938,番石榴-珍珠芭,P1,28.6,12.9,台中市,400,21.1,20.9,25199.0,2015,2,15,6
939,番石榴-珍珠芭,P1,29.6,10.2,台中市,400,18.1,17.1,9129.0,2015,2,16,0
940,番石榴-珍珠芭,P1,29.2,7.2,台中市,400,19.7,17.3,39493.0,2015,2,17,1
941,番石榴-珍珠芭,P1,25.0,6.4,台中市,400,19.1,15.5,15518.0,2015,2,18,2
942,番石榴-珍珠芭,P1,23.3,10.8,台中市,400,17.1,17.4,35243.0,2015,2,24,1
943,番石榴-珍珠芭,P1,20.8,5.9,台中市,400,14.4,13.0,48779.0,2015,2,25,2
944,番石榴-珍珠芭,P1,17.7,5.1,台中市,400,13.2,11.7,50506.0,2015,2,26,3
945,番石榴-珍珠芭,P1,17.8,6.9,台中市,400,13.5,12.6,66073.0,2015,2,28,5
946,番石榴-珍珠芭,P1,17.8,7.2,台中市,400,13.5,12.5,32629.0,2015,3,1,6
947,番石榴-珍珠芭,P1,18.0,5.6,台中市,400,14.1,13.2,47928.0,2015,3,3,1
948,番石榴-珍珠芭,P1,17.2,3.8,台中市,400,13.2,12.1,32624.0,2015,3,4,2
949,番石榴-珍珠芭,P1,17.4,6.5,台中市,400,13.3,12.6,41226.0,2015,3,5,3
950,番石榴-珍珠芭,P1,20.6,8.0,台中市,400,13.8,13.3,19443.0,2015,3,6,4
951,番石榴-珍珠芭,P1,17.0,6.5,台中市,400,12.9,12.1,61481.0,2015,3,10,1
952,番石榴-珍珠芭,P1,15.0,6.8,台中市,400,10.9,10.8,51038.0,2015,3,11,2
953,番石榴-珍珠芭,P1,13.5,5.0,台中市,400,10.0,9.5,35153.0,2015,3,12,3
954,番石榴-珍珠芭,P1,14.9,6.2,台中市,400,10.4,10.8,25938.0,2015,3,13,4
955,番石榴-珍珠芭,P1,16.4,6.9,台中市,400,11.5,10.8,32724.0,2015,3,14,5
956,番石榴-珍珠芭,P1,25.2,7.8,台中市,400,13.5,13.0,47702.0,2015,3,15,6
957,番石榴-珍珠芭,P1,18.4,5.6,台中市,400,13.2,12.7,53463.0,2015,3,17,1
958,番石榴-珍珠芭,P1,17.9,5.3,台中市,400,13.2,12.6,45442.0,2015,3,18,2
959,番石榴-珍珠芭,P1,16.4,5.4,台中市,400,12.3,11.4,46216.0,2015,3,19,3
960,番石榴-珍珠芭,P1,16.6,6.6,台中市,400,12.4,11.4,35383.0,2015,3,20,4
961,番石榴-珍珠芭,P1,18.8,6.4,台中市,400,12.6,11.5,58367.0,2015,3,21,5
962,番石榴-珍珠芭,P1,15.0,5.3,台中市,400,11.8,10.5,47559.0,2015,3,22,6
963,番石榴-珍珠芭,P1,16.3,6.0,台中市,400,11.9,11.3,56906.0,2015,3,24,1
964,番石榴-珍珠芭,P1,12.9,5.4,台中市,400,10.3,9.4,30647.0,2015,3,25,2
965,番石榴-珍珠芭,P1,14.9,5.6,台中市,400,11.2,10.4,42682.0,2015,3,26,3
966,番石榴-珍珠芭,P1,14.6,5.0,台中市,400,11.2,9.9,40612.0,2015,3,27,4
967,番石榴-珍珠芭,P1,21.5,5.6,台中市,400,11.7,10.7,55163.0,2015,3,28,5
968,番石榴-珍珠芭,P1,14.7,6.0,台中市,400,11.5,10.7,44994.0,2015,3,29,6
969,番石榴-珍珠芭,P1,15.5,5.8,台中市,400,12.4,11.8,55815.0,2015,3,31,1
970,番石榴-珍珠芭,P1,16.9,7.4,台中市,400,13.2,12.9,47201.0,2015,4,1,2
971,番石榴-珍珠芭,P1,15.5,5.2,台中市,400,12.5,11.5,46581.0,2015,4,2,3
972,番石榴-珍珠芭,P1,17.7,6.9,台中市,400,12.4,12.1,47225.0,2015,4,3,4
973,番石榴-珍珠芭,P1,19.6,6.4,台中市,400,13.1,12.3,41353.0,2015,4,4,5
974,番石榴-珍珠芭,P1,18.2,7.2,台中市,400,12.8,12.5,54525.0,2015,4,7,1
975,番石榴-珍珠芭,P1,18.2,4.7,台中市,400,12.1,11.4,47309.0,2015,4,8,2
976,番石榴-珍珠芭,P1,15.8,6.4,台中市,400,12.9,12.0,51971.0,2015,4,9,3
977,番石榴-珍珠芭,P1,15.7,5.8,台中市,400,12.5,11.4,42602.0,2015,4,10,4
978,番石榴-珍珠芭,P1,15.5,4.0,台中市,400,12.4,10.7,48076.0,2015,4,11,5
979,番石榴-珍珠芭,P1,15.0,5.7,台中市,400,12.5,11.3,40336.0,2015,4,12,6
980,番石榴-珍珠芭,P1,16.5,6.8,台中市,400,12.7,12.5,48494.0,2015,4,14,1
981,番石榴-珍珠芭,P1,17.8,5.9,台中市,400,12.9,12.4,41984.0,2015,4,15,2
982,番石榴-珍珠芭,P1,21.0,7.7,台中市,400,14.7,14.0,43597.0,2015,4,16,3
983,番石榴-珍珠芭,P1,23.1,6.6,台中市,400,14.7,14.3,51654.0,2015,4,17,4
984,番石榴-珍珠芭,P1,20.4,7.7,台中市,400,14.6,14.3,53522.0,2015,4,18,5
985,番石榴-珍珠芭,P1,19.4,3.0,台中市,400,13.3,11.6,33470.0,2015,4,19,6
986,番石榴-珍珠芭,P1,20.0,7.5,台中市,400,14.6,14.2,44215.0,2015,4,21,1
987,番石榴-珍珠芭,P1,20.2,6.0,台中市,400,14.3,13.9,25106.0,2015,4,22,2
988,番石榴-珍珠芭,P1,20.6,8.0,台中市,400,14.5,14.2,41182.0,2015,4,23,3
989,番石榴-珍珠芭,P1,22.5,7.4,台中市,400,15.5,14.4,41182.0,2015,4,24,4
990,番石榴-珍珠芭,P1,25.3,6.8,台中市,400,16.3,15.2,53470.0,2015,4,25,5
991,番石榴-珍珠芭,P1,22.6,6.7,台中市,400,15.9,14.3,47107.0,2015,4,26,6
992,番石榴-珍珠芭,P1,21.2,7.8,台中市,400,15.7,14.8,54757.0,2015,4,28,1
993,番石榴-珍珠芭,P1,22.9,6.2,台中市,400,15.8,14.6,48871.0,2015,4,29,2
994,番石榴-珍珠芭,P1,23.2,6.8,台中市,400,15.3,14.7,44602.0,2015,4,30,3
995,番石榴-珍珠芭,P1,20.6,5.0,台中市,400,14.8,12.9,35401.0,2015,5,1,4
996,番石榴-珍珠芭,P1,21.1,6.9,台中市,400,15.9,14.2,38619.0,2015,5,2,5
997,番石榴-珍珠芭,P1,23.1,9.0,台中市,400,14.1,13.9,29760.0,2015,5,3,6
998,番石榴-珍珠芭,P1,19.3,8.9,台中市,400,14.1,13.1,41196.0,2015,5,5,1
999,番石榴-珍珠芭,P1,21.1,8.7,台中市,400,14.3,13.6,35082.0,2015,5,6,2
1000,番石榴-珍珠芭,P1,21.0,8.2,台中市,400,13.1,12.8,41933.0,2015,5,7,3
1001,番石榴-珍珠芭,P1,19.6,9.5,台中市,400,13.5,12.8,41427.0,2015,5,8,4
1002,番石榴-珍珠芭,P1,28.2,8.8,台中市,400,14.0,13.9,47941.0,2015,5,9,5
1003,番石榴-珍珠芭,P1,22.0,9.0,台中市,400,14.4,13.9,21332.0,2015,5,10,6
1004,番石榴-珍珠芭,P1,23.2,9.6,台中市,400,14.5,14.2,31968.0,2015,5,12,1
1005,番石榴-珍珠芭,P1,21.5,9.4,台中市,400,13.9,13.7,21184.0,2015,5,13,2
1006,番石榴-珍珠芭,P1,20.1,8.9,台中市,400,13.9,13.4,38763.0,2015,5,14,3
1007,番石榴-珍珠芭,P1,21.3,9.2,台中市,400,14.9,13.8,27527.0,2015,5,15,4
1008,番石榴-珍珠芭,P1,23.3,9.8,台中市,400,16.1,17.4,32414.0,2015,5,16,5
1009,番石榴-珍珠芭,P1,29.8,11.2,台中市,400,18.2,18.0,25118.0,2015,5,17,6
1010,番石榴-珍珠芭,P1,27.4,12.5,台中市,400,20.7,20.4,40773.0,2015,5,19,1
1011,番石榴-珍珠芭,P1,27.7,10.5,台中市,400,20.7,20.5,26325.0,2015,5,20,2
1012,番石榴-珍珠芭,P1,27.3,12.1,台中市,400,20.7,19.8,34941.0,2015,5,21,3
1013,番石榴-珍珠芭,P1,27.5,10.8,台中市,400,17.9,17.8,12027.0,2015,5,22,4
1014,番石榴-珍珠芭,P1,29.5,11.7,台中市,400,21.1,21.3,16447.0,2015,5,23,5
1015,番石榴-珍珠芭,P1,31.9,13.1,台中市,400,21.6,22.7,16922.0,2015,5,24,6
1016,番石榴-珍珠芭,P1,36.4,18.8,台中市,400,28.0,28.3,19749.0,2015,5,26,1
1017,番石榴-珍珠芭,P1,43.8,16.4,台中市,400,30.9,30.8,17249.0,2015,5,27,2
1018,番石榴-珍珠芭,P1,40.6,18.4,台中市,400,30.6,31.6,26925.0,2015,5,28,3
1019,番石榴-珍珠芭,P1,41.0,19.4,台中市,400,31.8,31.8,17459.0,2015,5,29,4
1020,番石榴-珍珠芭,P1,41.5,18.8,台中市,400,31.6,31.8,25275.0,2015,5,30,5
1021,番石榴-珍珠芭,P1,43.0,20.4,台中市,400,31.5,32.5,16960.0,2015,5,31,6
1022,番石榴-珍珠芭,P1,39.3,19.5,台中市,400,30.6,32.1,22131.0,2015,6,2,1
1023,番石榴-珍珠芭,P1,44.2,21.7,台中市,400,31.7,33.3,24144.0,2015,6,3,2
1024,番石榴-珍珠芭,P1,43.5,23.2,台中市,400,32.5,32.7,13618.0,2015,6,4,3
1025,番石榴-珍珠芭,P1,44.7,23.8,台中市,400,32.6,34.5,15211.0,2015,6,5,4
1026,番石榴-珍珠芭,P1,42.0,20.2,台中市,400,32.4,32.5,24916.0,2015,6,6,5
1027,番石榴-珍珠芭,P1,35.5,20.7,台中市,400,29.8,30.8,13286.0,2015,6,7,6
1028,番石榴-珍珠芭,P1,43.9,21.0,台中市,400,31.4,33.0,25578.0,2015,6,9,1
1029,番石榴-珍珠芭,P1,42.7,21.4,台中市,400,31.0,31.8,21352.0,2015,6,10,2
1030,番石榴-珍珠芭,P1,42.5,23.7,台中市,400,32.2,33.8,21761.0,2015,6,11,3
1031,番石榴-珍珠芭,P1,43.6,20.4,台中市,400,32.5,32.9,22017.0,2015,6,12,4
1032,番石榴-珍珠芭,P1,44.3,22.7,台中市,400,33.2,33.6,27975.0,2015,6,13,5
1033,番石榴-珍珠芭,P1,46.3,26.8,台中市,400,36.1,36.6,14816.0,2015,6,14,6
1034,番石榴-珍珠芭,P1,45.0,24.6,台中市,400,36.1,36.5,21914.0,2015,6,16,1
1035,番石榴-珍珠芭,P1,41.6,20.0,台中市,400,33.6,31.5,12313.0,2015,6,17,2
1036,番石榴-珍珠芭,P1,34.8,18.2,台中市,400,27.3,27.0,22725.0,2015,6,18,3
1037,番石榴-珍珠芭,P1,33.4,18.8,台中市,400,26.3,26.6,22274.0,2015,6,19,4
1038,番石榴-珍珠芭,P1,40.4,16.4,台中市,400,27.6,28.7,19079.0,2015,6,20,5
1039,番石榴-珍珠芭,P1,30.9,16.5,台中市,400,26.3,23.9,22994.0,2015,6,23,1
1040,番石榴-珍珠芭,P1,26.7,14.9,台中市,400,21.4,21.7,16166.0,2015,6,24,2
1041,番石榴-珍珠芭,P1,26.2,12.3,台中市,400,20.9,19.8,23920.0,2015,6,25,3
1042,番石榴-珍珠芭,P1,28.0,13.4,台中市,400,21.5,20.7,16332.0,2015,6,26,4
1043,番石榴-珍珠芭,P1,32.7,18.0,台中市,400,27.2,26.1,21577.0,2015,6,27,5
1044,番石榴-珍珠芭,P1,30.9,15.2,台中市,400,25.0,23.1,11887.0,2015,6,28,6
1045,番石榴-珍珠芭,P1,32.6,13.1,台中市,400,25.1,23.7,27842.0,2015,6,30,1
1046,番石榴-珍珠芭,P1,31.5,12.8,台中市,400,23.8,21.9,17171.0,2015,7,1,2
1047,番石榴-珍珠芭,P1,31.4,12.0,台中市,400,23.9,22.9,21011.0,2015,7,2,3
1048,番石榴-珍珠芭,P1,30.0,10.6,台中市,400,22.7,21.3,14985.0,2015,7,3,4
1049,番石榴-珍珠芭,P1,30.7,8.2,台中市,400,23.7,21.4,25386.0,2015,7,4,5
1050,番石榴-珍珠芭,P1,37.5,9.0,台中市,400,20.6,19.4,12847.0,2015,7,5,6
1051,番石榴-珍珠芭,P1,27.2,8.9,台中市,400,20.4,18.7,26156.0,2015,7,7,1
1052,番石榴-珍珠芭,P1,27.7,10.5,台中市,400,19.7,18.7,15645.0,2015,7,8,2
1053,番石榴-珍珠芭,P1,26.4,10.3,台中市,400,19.9,18.5,18669.0,2015,7,9,3
1054,番石榴-珍珠芭,P1,30.0,10.4,台中市,400,22.7,20.4,16935.0,2015,7,10,4
1055,番石榴-珍珠芭,P1,30.5,10.9,台中市,400,22.6,21.6,22068.0,2015,7,11,5
1056,番石榴-珍珠芭,P1,34.8,12.6,台中市,400,21.8,21.6,18841.0,2015,7,12,6
1057,番石榴-珍珠芭,P1,26.4,9.4,台中市,400,20.3,19.5,38012.0,2015,7,14,1
1058,番石榴-珍珠芭,P1,25.3,9.2,台中市,400,19.3,17.8,21093.0,2015,7,15,2
1059,番石榴-珍珠芭,P1,27.9,5.8,台中市,400,19.4,17.5,21670.0,2015,7,16,3
1060,番石榴-珍珠芭,P1,28.8,7.6,台中市,400,19.3,17.8,18385.0,2015,7,17,4
1061,番石榴-珍珠芭,P1,24.4,8.6,台中市,400,18.1,17.9,32788.0,2015,7,18,5
1062,番石榴-珍珠芭,P1,20.9,6.7,台中市,400,18.0,16.0,17922.0,2015,7,19,6
1063,番石榴-珍珠芭,P1,29.4,9.8,台中市,400,18.7,18.5,35691.0,2015,7,21,1
1064,番石榴-珍珠芭,P1,28.7,11.0,台中市,400,20.1,19.0,24947.0,2015,7,22,2
1065,番石榴-珍珠芭,P1,32.6,9.5,台中市,400,19.6,19.2,29797.0,2015,7,23,3
1066,番石榴-珍珠芭,P1,25.4,9.0,台中市,400,19.1,18.1,15477.0,2015,7,24,4
1067,番石榴-珍珠芭,P1,27.4,9.6,台中市,400,19.1,18.8,37892.0,2015,7,25,5
1068,番石榴-珍珠芭,P1,26.4,9.2,台中市,400,19.1,18.5,13881.0,2015,7,26,6
1069,番石榴-珍珠芭,P1,27.2,11.1,台中市,400,19.7,19.1,32821.0,2015,7,28,1
1070,番石榴-珍珠芭,P1,30.5,12.1,台中市,400,21.5,20.4,17754.0,2015,7,29,2
1071,番石榴-珍珠芭,P1,29.1,13.1,台中市,400,22.3,22.2,25783.0,2015,7,30,3
1072,番石榴-珍珠芭,P1,34.2,12.5,台中市,400,25.1,23.4,12492.0,2015,7,31,4
1073,番石榴-珍珠芭,P1,35.1,11.5,台中市,400,25.8,25.4,31037.0,2015,8,1,5
1074,番石榴-珍珠芭,P1,36.1,11.8,台中市,400,26.6,23.9,13876.0,2015,8,2,6
1075,番石榴-珍珠芭,P1,32.4,15.4,台中市,400,25.8,24.8,28872.0,2015,8,4,1
1076,番石榴-珍珠芭,P1,32.4,14.4,台中市,400,26.1,24.8,14837.0,2015,8,5,2
1077,番石榴-珍珠芭,P1,34.3,16.9,台中市,400,26.6,25.9,25763.0,2015,8,6,3
1078,番石榴-珍珠芭,P1,36.8,11.8,台中市,400,26.4,26.4,13020.0,2015,8,7,4
1079,番石榴-珍珠芭,P1,42.3,16.1,台中市,400,26.5,27.0,26958.0,2015,8,8,5
1080,番石榴-珍珠芭,P1,13.0,11.0,台中市,400,12.5,13.0,160.0,2015,8,9,6
1081,番石榴-珍珠芭,P1,38.8,9.7,台中市,400,30.0,27.8,18114.0,2015,8,11,1
1082,番石榴-珍珠芭,P1,45.3,11.8,台中市,400,30.7,31.4,10497.0,2015,8,12,2
1083,番石榴-珍珠芭,P1,43.8,15.2,台中市,400,30.8,31.4,18444.0,2015,8,13,3
1084,番石榴-珍珠芭,P1,49.2,19.3,台中市,400,38.9,38.9,19092.0,2015,8,15,5
1085,番石榴-珍珠芭,P1,50.2,19.0,台中市,400,39.0,38.6,3777.0,2015,8,16,6
1086,番石榴-珍珠芭,P1,55.8,17.2,台中市,400,39.4,39.7,19169.0,2015,8,18,1
1087,番石榴-珍珠芭,P1,65.0,15.0,台中市,400,48.9,46.7,10060.0,2015,8,19,2
1088,番石榴-珍珠芭,P1,66.7,28.4,台中市,400,45.6,47.4,16584.0,2015,8,20,3
1089,番石榴-珍珠芭,P1,59.3,21.4,台中市,400,46.1,42.0,8024.0,2015,8,21,4
1090,番石榴-珍珠芭,P1,60.2,21.5,台中市,400,44.9,43.9,21283.0,2015,8,22,5
1091,番石榴-珍珠芭,P1,64.4,33.2,台中市,400,51.3,51.7,6009.0,2015,8,23,6
1092,番石榴-珍珠芭,P1,56.9,25.2,台中市,400,46.0,44.6,17471.0,2015,8,25,1
1093,番石榴-珍珠芭,P1,62.2,18.0,台中市,400,48.9,46.9,7543.0,2015,8,26,2
1094,番石榴-珍珠芭,P1,60.0,28.5,台中市,400,46.3,45.1,20515.0,2015,8,27,3
1095,番石榴-珍珠芭,P1,65.5,23.6,台中市,400,48.2,47.7,14518.0,2015,8,28,4
1096,番石榴-珍珠芭,P1,63.9,29.8,台中市,400,45.9,47.1,32113.0,2015,9,1,1
1097,番石榴-珍珠芭,P1,59.0,28.8,台中市,400,44.3,43.4,18205.0,2015,9,2,2
1098,番石榴-珍珠芭,P1,50.8,27.2,台中市,400,40.9,39.3,20621.0,2015,9,3,3
1099,番石榴-珍珠芭,P1,59.2,27.5,台中市,400,46.9,44.8,25853.0,2015,9,5,5
1100,番石榴-珍珠芭,P1,65.0,30.6,台中市,400,46.6,47.1,13864.0,2015,9,6,6
1101,番石榴-珍珠芭,P1,59.6,27.3,台中市,400,46.5,43.8,23806.0,2015,9,8,1
1102,番石榴-珍珠芭,P1,62.2,27.7,台中市,400,46.6,43.6,18810.0,2015,9,9,2
1103,番石榴-珍珠芭,P1,61.1,30.7,台中市,400,46.5,44.5,26812.0,2015,9,10,3
1104,番石榴-珍珠芭,P1,57.5,26.8,台中市,400,45.9,40.8,17903.0,2015,9,11,4
1105,番石榴-珍珠芭,P1,57.1,30.9,台中市,400,45.8,43.8,27565.0,2015,9,12,5
1106,番石榴-珍珠芭,P1,53.8,30.7,台中市,400,45.3,42.4,11287.0,2015,9,13,6
1107,番石榴-珍珠芭,P1,52.1,27.7,台中市,400,44.4,42.4,32674.0,2015,9,15,1
1108,番石榴-珍珠芭,P1,55.4,28.0,台中市,400,44.8,42.4,23687.0,2015,9,16,2
1109,番石榴-珍珠芭,P1,52.1,26.6,台中市,400,43.2,39.5,28030.0,2015,9,17,3
1110,番石榴-珍珠芭,P1,51.9,26.2,台中市,400,43.9,41.5,22552.0,2015,9,18,4
1111,番石榴-珍珠芭,P1,52.4,25.6,台中市,400,44.6,38.8,30733.0,2015,9,19,5
1112,番石榴-珍珠芭,P1,57.0,27.0,台中市,400,43.7,40.3,23236.0,2015,9,20,6
1113,番石榴-珍珠芭,P1,46.6,26.2,台中市,400,39.0,36.4,35860.0,2015,9,22,1
1114,番石榴-珍珠芭,P1,47.4,28.6,台中市,400,40.3,36.7,29391.0,2015,9,23,2
1115,番石榴-珍珠芭,P1,46.0,26.3,台中市,400,39.9,35.3,29402.0,2015,9,24,3
1116,番石榴-珍珠芭,P1,44.6,21.2,台中市,400,37.4,34.0,32132.0,2015,9,25,4
1117,番石榴-珍珠芭,P1,42.2,20.0,台中市,400,34.6,32.5,34761.0,2015,9,26,5
1118,番石榴-珍珠芭,P1,49.6,17.1,台中市,400,35.1,32.4,20303.0,2015,9,27,6
1119,番石榴-珍珠芭,P1,43.1,20.3,台中市,400,31.9,30.0,19313.0,2015,9,30,2
1120,番石榴-珍珠芭,P1,41.4,14.5,台中市,400,33.6,29.0,31501.0,2015,10,2,4
1121,番石榴-珍珠芭,P1,39.7,14.7,台中市,400,31.7,27.5,42385.0,2015,10,3,5
1122,番石榴-珍珠芭,P1,48.1,14.8,台中市,400,35.7,30.4,23711.0,2015,10,4,6
1123,番石榴-珍珠芭,P1,41.4,14.1,台中市,400,32.3,29.5,33094.0,2015,10,6,1
1124,番石榴-珍珠芭,P1,44.4,18.5,台中市,400,33.6,31.5,23703.0,2015,10,7,2
1125,番石榴-珍珠芭,P1,49.6,19.7,台中市,400,37.1,35.4,25550.0,2015,10,8,3
1126,番石榴-珍珠芭,P1,56.6,20.2,台中市,400,45.2,42.5,19847.0,2015,10,9,4
1127,番石榴-珍珠芭,P1,53.5,24.8,台中市,400,44.9,44.0,28322.0,2015,10,10,5
1128,番石榴-珍珠芭,P1,56.3,25.5,台中市,400,45.4,45.3,17317.0,2015,10,11,6
1129,番石榴-珍珠芭,P1,58.8,21.8,台中市,400,46.9,44.9,25981.0,2015,10,13,1
1130,番石榴-珍珠芭,P1,63.5,26.6,台中市,400,46.7,45.4,16484.0,2015,10,14,2
1131,番石榴-珍珠芭,P1,61.2,29.8,台中市,400,49.2,47.7,24971.0,2015,10,15,3
1132,番石榴-珍珠芭,P1,60.6,26.1,台中市,400,47.0,44.4,16284.0,2015,10,16,4
1133,番石榴-珍珠芭,P1,61.8,33.0,台中市,400,46.3,46.3,34879.0,2015,10,17,5
1134,番石榴-珍珠芭,P1,61.4,31.3,台中市,400,47.4,46.0,16059.0,2015,10,18,6
1135,番石榴-珍珠芭,P1,62.4,32.7,台中市,400,47.3,46.2,29027.0,2015,10,20,1
1136,番石榴-珍珠芭,P1,63.0,36.6,台中市,400,47.7,46.7,16498.0,2015,10,21,2
1137,番石榴-珍珠芭,P1,63.8,35.8,台中市,400,47.8,48.0,21345.0,2015,10,22,3
1138,番石榴-珍珠芭,P1,62.8,33.7,台中市,400,49.6,46.0,16051.0,2015,10,23,4
1139,番石榴-珍珠芭,P1,66.3,36.8,台中市,400,51.2,51.1,40622.0,2015,10,24,5
1140,番石榴-珍珠芭,P1,66.4,36.3,台中市,400,51.3,50.2,18978.0,2015,10,25,6
1141,番石榴-珍珠芭,P1,64.0,37.0,台中市,400,52.3,50.1,34124.0,2015,10,27,1
1142,番石榴-珍珠芭,P1,61.6,31.4,台中市,400,50.2,45.4,26316.0,2015,10,28,2
1143,番石榴-珍珠芭,P1,60.9,29.7,台中市,400,51.2,47.2,28399.0,2015,10,29,3
1144,番石榴-珍珠芭,P1,57.8,32.7,台中市,400,49.1,46.1,26993.0,2015,10,30,4
1145,番石榴-珍珠芭,P1,59.5,29.9,台中市,400,48.9,44.7,41723.0,2015,10,31,5
1146,番石榴-珍珠芭,P1,56.0,28.3,台中市,400,45.0,43.6,21145.0,2015,11,1,6
1147,番石榴-珍珠芭,P1,53.1,29.2,台中市,400,44.8,41.8,44195.0,2015,11,3,1
1148,番石榴-珍珠芭,P1,51.5,27.5,台中市,400,42.5,39.1,27247.0,2015,11,4,2
1149,番石榴-珍珠芭,P1,51.7,19.4,台中市,400,42.5,37.8,36739.0,2015,11,5,3
1150,番石榴-珍珠芭,P1,50.0,19.0,台中市,400,42.0,35.9,29800.0,2015,11,6,4
1151,番石榴-珍珠芭,P1,51.8,23.2,台中市,400,43.3,38.2,48000.0,2015,11,7,5
1152,番石榴-珍珠芭,P1,53.0,22.8,台中市,400,41.6,37.8,33982.0,2015,11,8,6
1153,番石榴-珍珠芭,P1,52.0,24.5,台中市,400,43.6,39.8,47431.0,2015,11,10,1
1154,番石榴-珍珠芭,P1,52.6,24.8,台中市,400,43.8,42.2,37610.0,2015,11,11,2
1155,番石榴-珍珠芭,P1,52.3,26.6,台中市,400,43.1,40.3,33983.0,2015,11,12,3
1156,番石榴-珍珠芭,P1,51.9,26.6,台中市,400,43.7,38.6,32587.0,2015,11,13,4
1157,番石榴-珍珠芭,P1,51.1,26.7,台中市,400,43.9,39.5,44225.0,2015,11,14,5
1158,番石榴-珍珠芭,P1,57.5,26.3,台中市,400,44.8,42.0,38805.0,2015,11,15,6
1159,番石榴-珍珠芭,P1,53.0,24.0,台中市,400,44.2,40.3,43623.0,2015,11,17,1
1160,番石榴-珍珠芭,P1,51.5,27.3,台中市,400,44.2,40.7,48870.0,2015,11,18,2
1161,番石榴-珍珠芭,P1,51.9,26.8,台中市,400,43.7,39.2,47567.0,2015,11,19,3
1162,番石榴-珍珠芭,P1,52.6,25.3,台中市,400,43.2,39.8,39322.0,2015,11,20,4
1163,番石榴-珍珠芭,P1,46.5,25.3,台中市,400,39.2,36.4,51421.0,2015,11,21,5
1164,番石榴-珍珠芭,P1,46.9,17.2,台中市,400,39.3,35.3,36470.0,2015,11,22,6
1165,番石榴-珍珠芭,P1,47.8,22.2,台中市,400,39.4,36.7,45592.0,2015,11,24,1
1166,番石榴-珍珠芭,P1,47.4,22.4,台中市,400,38.9,36.4,36044.0,2015,11,25,2
1167,番石榴-珍珠芭,P1,48.0,21.0,台中市,400,39.8,37.0,34791.0,2015,11,26,3
1168,番石榴-珍珠芭,P1,48.3,16.5,台中市,400,39.5,34.0,32315.0,2015,11,27,4
1169,番石榴-珍珠芭,P1,53.6,25.9,台中市,400,40.0,38.1,36769.0,2015,11,28,5
1170,番石榴-珍珠芭,P1,49.8,19.1,台中市,400,39.8,35.5,27561.0,2015,11,29,6
1171,番石榴-珍珠芭,P1,49.0,27.4,台中市,400,39.5,37.6,46376.0,2015,12,1,1
1172,番石榴-珍珠芭,P1,51.2,26.2,台中市,400,40.3,36.8,29480.0,2015,12,2,2
1173,番石榴-珍珠芭,P1,51.8,29.3,台中市,400,40.2,39.6,44436.0,2015,12,3,3
1174,番石榴-珍珠芭,P1,53.4,25.7,台中市,400,40.7,38.9,30549.0,2015,12,4,4
1175,番石榴-珍珠芭,P1,54.2,27.0,台中市,400,40.8,38.4,39261.0,2015,12,5,5
1176,番石榴-珍珠芭,P1,56.1,26.6,台中市,400,41.9,39.9,26170.0,2015,12,6,6
1177,番石榴-珍珠芭,P1,54.3,28.3,台中市,400,41.0,39.3,32310.0,2015,12,8,1
1178,番石榴-珍珠芭,P1,54.3,29.2,台中市,400,41.8,39.8,28181.0,2015,12,9,2
1179,番石榴-珍珠芭,P1,57.1,31.6,台中市,400,42.1,42.2,33602.0,2015,12,10,3
1180,番石榴-珍珠芭,P1,60.6,29.1,台中市,400,42.2,42.2,22298.0,2015,12,11,4
1181,番石榴-珍珠芭,P1,60.7,30.6,台中市,400,41.7,41.6,35120.0,2015,12,12,5
1182,番石榴-珍珠芭,P1,56.5,31.6,台中市,400,43.9,43.1,30488.0,2015,12,13,6
1183,番石榴-珍珠芭,P1,55.8,31.9,台中市,400,44.1,42.4,44476.0,2015,12,15,1
1184,番石榴-珍珠芭,P1,58.6,27.9,台中市,400,44.4,41.8,27875.0,2015,12,16,2
1185,番石榴-珍珠芭,P1,56.6,25.5,台中市,400,43.0,41.2,28228.0,2015,12,17,3
1186,番石榴-珍珠芭,P1,56.4,28.5,台中市,400,44.6,41.8,21124.0,2015,12,18,4
1187,番石榴-珍珠芭,P1,55.4,31.6,台中市,400,43.7,42.5,25883.0,2015,12,19,5
1188,番石榴-珍珠芭,P1,59.6,27.7,台中市,400,43.5,43.2,29591.0,2015,12,20,6
1189,番石榴-珍珠芭,P1,56.6,32.0,台中市,400,44.5,44.1,33849.0,2015,12,22,1
1190,番石榴-珍珠芭,P1,59.7,32.8,台中市,400,44.4,44.8,23153.0,2015,12,23,2
1191,番石榴-珍珠芭,P1,55.9,31.6,台中市,400,44.6,43.0,28862.0,2015,12,24,3
1192,番石榴-珍珠芭,P1,61.8,29.7,台中市,400,45.1,43.6,28211.0,2015,12,25,4
1193,番石榴-珍珠芭,P1,58.2,28.8,台中市,400,43.7,42.7,39235.0,2015,12,26,5
1194,番石榴-珍珠芭,P1,56.2,23.7,台中市,400,42.0,40.9,24731.0,2015,12,27,6
1195,番石榴-珍珠芭,P1,57.3,25.8,台中市,400,43.9,40.7,29925.0,2015,12,29,1
1196,番石榴-珍珠芭,P1,54.6,26.0,台中市,400,43.0,39.6,27519.0,2015,12,31,3
1197,番石榴-珍珠芭,P1,58.3,27.6,台中市,400,42.8,40.4,27154.0,2016,1,1,4
1198,番石榴-珍珠芭,P1,60.0,25.0,台中市,400,42.8,41.7,37056.0,2016,1,2,5
1199,番石榴-珍珠芭,P1,57.8,24.2,台中市,400,42.2,41.2,25421.0,2016,1,3,6
1200,番石榴-珍珠芭,P1,56.0,27.0,台中市,400,43.9,41.8,23458.0,2016,1,5,1
1201,番石榴-珍珠芭,P1,55.6,29.0,台中市,400,43.7,41.1,33953.0,2016,1,6,2
1202,番石榴-珍珠芭,P1,52.3,25.0,台中市,400,42.9,39.9,30814.0,2016,1,7,3
1203,番石榴-珍珠芭,P1,52.6,18.2,台中市,400,42.4,34.3,33983.0,2016,1,8,4
1204,番石榴-珍珠芭,P1,52.6,20.3,台中市,400,40.4,33.6,35044.0,2016,1,9,5
1205,番石榴-珍珠芭,P1,51.5,20.1,台中市,400,37.0,34.2,33376.0,2016,1,10,6
1206,番石榴-珍珠芭,P1,45.4,20.6,台中市,400,35.3,32.6,35968.0,2016,1,12,1
1207,番石榴-珍珠芭,P1,43.3,20.4,台中市,400,35.7,32.7,33906.0,2016,1,13,2
1208,番石榴-珍珠芭,P1,44.2,18.0,台中市,400,34.5,31.4,27997.0,2016,1,14,3
1209,番石榴-珍珠芭,P1,43.0,18.4,台中市,400,33.7,30.0,36838.0,2016,1,15,4
1210,番石榴-珍珠芭,P1,42.3,17.3,台中市,400,35.1,29.7,32186.0,2016,1,16,5
1211,番石榴-珍珠芭,P1,54.8,24.1,台中市,400,36.2,35.0,20054.0,2016,1,17,6
1212,番石榴-珍珠芭,P1,40.9,19.5,台中市,400,34.0,30.2,45328.0,2016,1,19,1
1213,番石榴-珍珠芭,P1,37.0,19.6,台中市,400,30.4,29.0,33180.0,2016,1,20,2
1214,番石榴-珍珠芭,P1,37.1,16.2,台中市,400,29.2,25.6,35854.0,2016,1,21,3
1215,番石榴-珍珠芭,P1,32.5,13.7,台中市,400,24.9,23.0,36355.0,2016,1,22,4
1216,番石榴-珍珠芭,P1,32.0,12.5,台中市,400,24.7,22.2,35173.0,2016,1,23,5
1217,番石榴-珍珠芭,P1,36.8,9.9,台中市,400,24.7,21.8,19998.0,2016,1,24,6
1218,番石榴-珍珠芭,P1,33.6,14.4,台中市,400,25.4,24.0,13542.0,2016,1,26,1
1219,番石榴-珍珠芭,P1,34.7,16.5,台中市,400,25.4,24.9,33924.0,2016,1,27,2
1220,番石榴-珍珠芭,P1,32.2,13.6,台中市,400,24.1,23.3,41767.0,2016,1,28,3
1221,番石榴-珍珠芭,P1,31.8,12.7,台中市,400,24.5,22.3,27358.0,2016,1,29,4
1222,番石榴-珍珠芭,P1,28.0,10.8,台中市,400,20.0,18.9,26411.0,2016,1,30,5
1223,番石榴-珍珠芭,P1,42.5,12.2,台中市,400,21.1,20.3,18084.0,2016,1,31,6
1224,番石榴-珍珠芭,P1,31.8,17.8,台中市,400,20.7,23.1,6316.0,2016,2,1,0
1225,番石榴-珍珠芭,P1,29.9,12.4,台中市,400,21.4,20.9,46412.0,2016,2,2,1
1226,番石榴-珍珠芭,P1,28.8,11.0,台中市,400,20.7,19.3,33826.0,2016,2,3,2
1227,番石榴-珍珠芭,P1,32.9,9.1,台中市,400,21.3,19.1,28602.0,2016,2,4,3
1228,番石榴-珍珠芭,P1,26.5,9.8,台中市,400,20.6,18.0,26405.0,2016,2,5,4
1229,番石榴-珍珠芭,P1,26.9,9.6,台中市,400,19.7,17.8,56470.0,2016,2,6,5
1230,番石榴-珍珠芭,P1,28.6,11.4,台中市,400,19.8,19.0,17377.0,2016,2,7,6
1231,番石榴-珍珠芭,P1,29.1,11.6,台中市,400,20.0,20.4,48372.0,2016,2,13,5
1232,番石榴-珍珠芭,P1,33.2,8.0,台中市,400,20.0,16.5,43243.0,2016,2,14,6
1233,番石榴-珍珠芭,P1,25.9,9.2,台中市,400,19.1,16.9,69936.0,2016,2,17,2
1234,番石榴-珍珠芭,P1,25.5,9.5,台中市,400,18.9,17.4,41166.0,2016,2,18,3
1235,番石榴-珍珠芭,P1,25.8,9.6,台中市,400,18.2,16.5,41184.0,2016,2,19,4
1236,番石榴-珍珠芭,P1,26.7,9.0,台中市,400,18.8,17.0,41158.0,2016,2,20,5
1237,番石榴-珍珠芭,P1,35.1,10.3,台中市,400,18.7,17.0,30328.0,2016,2,21,6
1238,番石榴-珍珠芭,P1,29.7,11.8,台中市,400,20.8,19.3,34487.0,2016,2,25,3
1239,番石榴-珍珠芭,P1,34.0,14.0,台中市,400,21.2,21.3,32824.0,2016,2,26,4
1240,番石榴-珍珠芭,P1,35.1,13.8,台中市,400,21.9,21.1,42329.0,2016,2,27,5
1241,番石榴-珍珠芭,P1,33.5,14.0,台中市,400,22.8,22.4,39300.0,2016,2,28,6
1242,番石榴-珍珠芭,P1,38.3,14.9,台中市,400,23.0,23.5,40667.0,2016,3,1,1
1243,番石榴-珍珠芭,P1,36.4,14.1,台中市,400,22.9,23.4,36207.0,2016,3,2,2
1244,番石榴-珍珠芭,P1,36.6,15.5,台中市,400,24.4,23.7,30003.0,2016,3,3,3
1245,番石榴-珍珠芭,P1,36.3,20.6,台中市,400,29.2,28.9,27405.0,2016,3,4,4
1246,番石榴-珍珠芭,P1,45.6,20.6,台中市,400,30.2,29.6,27370.0,2016,3,5,5
1247,番石榴-珍珠芭,P1,39.3,20.0,台中市,400,29.0,29.9,40392.0,2016,3,6,6
1248,番石榴-珍珠芭,P1,44.8,26.1,台中市,400,34.9,34.3,33835.0,2016,3,8,1
1249,番石榴-珍珠芭,P1,42.5,22.6,台中市,400,33.0,32.9,32575.0,2016,3,9,2
1250,番石榴-珍珠芭,P1,47.6,23.7,台中市,400,33.7,33.3,25023.0,2016,3,10,3
1251,番石榴-珍珠芭,P1,46.7,26.3,台中市,400,35.6,34.7,13974.0,2016,3,11,4
1252,番石榴-珍珠芭,P1,47.7,24.6,台中市,400,34.4,35.4,24292.0,2016,3,12,5
1253,番石榴-珍珠芭,P1,49.4,23.4,台中市,400,33.3,35.1,25464.0,2016,3,13,6
1254,番石榴-珍珠芭,P1,47.7,25.7,台中市,400,35.2,36.1,33278.0,2016,3,15,1
1255,番石榴-珍珠芭,P1,51.6,28.2,台中市,400,39.0,39.2,31666.0,2016,3,16,2
1256,番石榴-珍珠芭,P1,53.9,28.6,台中市,400,40.1,40.6,24144.0,2016,3,17,3
1257,番石榴-珍珠芭,P1,50.5,28.6,台中市,400,39.4,39.0,33030.0,2016,3,18,4
1258,番石榴-珍珠芭,P1,54.6,29.2,台中市,400,40.5,41.3,33259.0,2016,3,19,5
1259,番石榴-珍珠芭,P1,53.3,28.0,台中市,400,39.6,40.2,26482.0,2016,3,20,6
1260,番石榴-珍珠芭,P1,54.6,26.7,台中市,400,40.7,40.3,33029.0,2016,3,22,1
1261,番石榴-珍珠芭,P1,55.7,29.1,台中市,400,41.2,41.9,30715.0,2016,3,23,2
1262,番石榴-珍珠芭,P1,53.8,26.8,台中市,400,40.8,39.6,34647.0,2016,3,24,3
1263,番石榴-珍珠芭,P1,51.2,26.9,台中市,400,39.3,39.6,26955.0,2016,3,25,4
1264,番石榴-珍珠芭,P1,49.2,27.7,台中市,400,39.1,38.3,30529.0,2016,3,26,5
1265,番石榴-珍珠芭,P1,47.2,25.5,台中市,400,38.6,37.3,29561.0,2016,3,27,6
1266,番石榴-珍珠芭,P1,44.5,27.0,台中市,400,35.4,35.7,48016.0,2016,3,29,1
1267,番石榴-珍珠芭,P1,44.0,23.8,台中市,400,34.5,33.8,42044.0,2016,3,30,2
1268,番石榴-珍珠芭,P1,38.3,19.4,台中市,400,29.9,30.7,40973.0,2016,3,31,3
1269,番石榴-珍珠芭,P1,37.8,19.5,台中市,400,29.3,29.3,38688.0,2016,4,1,4
1270,番石榴-珍珠芭,P1,37.7,19.4,台中市,400,29.0,28.7,40398.0,2016,4,2,5
1271,番石榴-珍珠芭,P1,45.9,19.1,台中市,400,28.3,28.6,32042.0,2016,4,3,6
1272,番石榴-珍珠芭,P1,38.7,19.2,台中市,400,29.2,28.9,45280.0,2016,4,6,2
1273,番石榴-珍珠芭,P1,34.4,17.4,台中市,400,26.3,25.3,63859.0,2016,4,7,3
1274,番石榴-珍珠芭,P1,26.9,10.5,台中市,400,20.3,19.1,54005.0,2016,4,8,4
1275,番石榴-珍珠芭,P1,21.2,7.3,台中市,400,16.1,14.3,69882.0,2016,4,9,5
1276,番石榴-珍珠芭,P1,21.2,5.2,台中市,400,15.1,13.3,49726.0,2016,4,10,6
1277,番石榴-珍珠芭,P1,20.7,7.3,台中市,400,15.0,13.3,52949.0,2016,4,12,1
1278,番石榴-珍珠芭,P1,20.9,6.5,台中市,400,15.2,13.9,54690.0,2016,4,13,2
1279,番石榴-珍珠芭,P1,20.4,6.3,台中市,400,14.6,12.8,57687.0,2016,4,14,3
1280,番石榴-珍珠芭,P1,17.4,5.8,台中市,400,12.8,12.2,37138.0,2016,4,15,4
1281,番石榴-珍珠芭,P1,17.9,8.0,台中市,400,13.4,12.6,57106.0,2016,4,16,5
1282,番石榴-珍珠芭,P1,24.0,7.7,台中市,400,13.5,13.6,44382.0,2016,4,17,6
1283,番石榴-珍珠芭,P1,20.9,8.0,台中市,400,15.3,14.3,65005.0,2016,4,19,1
1284,番石榴-珍珠芭,P1,21.1,8.2,台中市,400,15.5,14.4,51292.0,2016,4,20,2
1285,番石榴-珍珠芭,P1,21.1,8.0,台中市,400,15.6,14.5,48601.0,2016,4,21,3
1286,番石榴-珍珠芭,P1,20.8,7.8,台中市,400,15.3,14.1,48041.0,2016,4,22,4
1287,番石榴-珍珠芭,P1,20.9,8.6,台中市,400,15.4,14.0,61095.0,2016,4,23,5
1288,番石榴-珍珠芭,P1,24.4,7.2,台中市,400,15.1,15.3,56288.0,2016,4,24,6
1289,番石榴-珍珠芭,P1,20.8,9.3,台中市,400,15.1,14.0,48453.0,2016,4,26,1
1290,番石榴-珍珠芭,P1,21.1,9.2,台中市,400,15.3,15.0,44842.0,2016,4,27,2
1291,番石榴-珍珠芭,P1,21.4,9.1,台中市,400,15.6,14.9,40987.0,2016,4,28,3
1292,番石榴-珍珠芭,P1,21.0,7.1,台中市,400,15.7,15.3,42909.0,2016,4,29,4
1293,番石榴-珍珠芭,P1,24.7,8.4,台中市,400,15.8,15.1,52567.0,2016,4,30,5
1294,番石榴-珍珠芭,P1,21.8,8.3,台中市,400,15.3,15.2,37688.0,2016,5,1,6
1295,番石榴-珍珠芭,P1,22.0,8.9,台中市,400,15.9,16.2,46277.0,2016,5,3,1
1296,番石榴-珍珠芭,P1,22.5,8.3,台中市,400,16.2,15.8,37364.0,2016,5,4,2
1297,番石榴-珍珠芭,P1,25.1,12.0,台中市,400,19.7,19.1,43588.0,2016,5,5,3
1298,番石榴-珍珠芭,P1,26.2,13.2,台中市,400,20.6,20.8,28329.0,2016,5,6,4
1299,番石榴-珍珠芭,P1,25.2,12.4,台中市,400,19.7,19.2,42066.0,2016,5,7,5
1300,番石榴-珍珠芭,P1,30.4,13.2,台中市,400,20.7,21.7,34891.0,2016,5,8,6
1301,番石榴-珍珠芭,P1,26.2,12.0,台中市,400,19.7,20.0,41252.0,2016,5,10,1
1302,番石榴-珍珠芭,P1,28.6,12.0,台中市,400,20.6,20.6,39424.0,2016,5,11,2
1303,番石榴-珍珠芭,P1,32.0,13.2,台中市,400,21.2,22.4,30771.0,2016,5,12,3
1304,番石榴-珍珠芭,P1,32.2,12.7,台中市,400,25.3,24.3,31481.0,2016,5,13,4
1305,番石榴-珍珠芭,P1,36.1,16.4,台中市,400,25.8,26.3,33910.0,2016,5,14,5
1306,番石榴-珍珠芭,P1,36.2,15.9,台中市,400,26.9,27.2,26324.0,2016,5,15,6
1307,番石榴-珍珠芭,P1,38.5,14.5,台中市,400,27.1,26.8,28275.0,2016,5,17,1
1308,番石榴-珍珠芭,P1,37.4,18.5,台中市,400,27.1,27.6,18404.0,2016,5,18,2
1309,番石榴-珍珠芭,P1,42.8,18.5,台中市,400,29.5,29.6,22599.0,2016,5,19,3
1310,番石榴-珍珠芭,P1,48.4,20.8,台中市,400,32.8,33.7,20805.0,2016,5,20,4
1311,番石榴-珍珠芭,P1,47.9,23.4,台中市,400,34.9,35.3,26238.0,2016,5,21,5
1312,番石榴-珍珠芭,P1,47.7,25.4,台中市,400,37.0,38.3,16292.0,2016,5,22,6
1313,番石榴-珍珠芭,P1,49.1,22.3,台中市,400,39.9,38.5,19229.0,2016,5,24,1
1314,番石榴-珍珠芭,P1,52.9,22.8,台中市,400,41.1,42.1,16964.0,2016,5,25,2
1315,番石榴-珍珠芭,P1,49.9,25.8,台中市,400,40.4,40.3,20710.0,2016,5,26,3
1316,番石榴-珍珠芭,P1,53.6,31.6,台中市,400,44.3,43.1,14469.0,2016,5,27,4
1317,番石榴-珍珠芭,P1,51.0,28.8,台中市,400,41.9,42.1,23554.0,2016,5,28,5
1318,番石榴-珍珠芭,P1,49.3,21.1,台中市,400,40.4,38.2,9575.0,2016,5,29,6
1319,番石榴-珍珠芭,P1,58.0,29.3,台中市,400,44.3,46.6,21240.0,2016,5,31,1
1320,番石榴-珍珠芭,P1,58.6,30.0,台中市,400,45.1,45.2,14233.0,2016,6,1,2
1321,番石榴-珍珠芭,P1,59.0,25.1,台中市,400,45.7,42.5,16058.0,2016,6,2,3
1322,番石榴-珍珠芭,P1,60.8,27.2,台中市,400,46.8,46.7,11766.0,2016,6,3,4
1323,番石榴-珍珠芭,P1,58.7,30.3,台中市,400,47.7,46.9,24240.0,2016,6,4,5
1324,番石榴-珍珠芭,P1,61.2,33.2,台中市,400,49.0,48.3,14194.0,2016,6,5,6
1325,番石榴-珍珠芭,P1,61.2,29.5,台中市,400,48.7,49.0,19855.0,2016,6,7,1
1326,番石榴-珍珠芭,P1,59.6,30.7,台中市,400,48.8,45.7,19646.0,2016,6,8,2
1327,番石榴-珍珠芭,P1,57.7,29.8,台中市,400,47.1,43.3,23008.0,2016,6,9,3
1328,番石榴-珍珠芭,P1,58.2,29.3,台中市,400,45.8,43.8,11663.0,2016,6,12,6
1329,番石榴-珍珠芭,P1,52.3,27.1,台中市,400,43.8,42.9,22774.0,2016,6,14,1
1330,番石榴-珍珠芭,P1,51.3,24.5,台中市,400,38.8,36.8,21064.0,2016,6,15,2
1331,番石榴-珍珠芭,P1,48.5,20.0,台中市,400,32.7,32.0,20334.0,2016,6,16,3
1332,番石榴-珍珠芭,P1,50.8,23.6,台中市,400,33.0,35.5,17965.0,2016,6,17,4
1333,番石榴-珍珠芭,P1,52.8,27.9,台中市,400,38.5,40.6,25192.0,2016,6,18,5
1334,番石榴-珍珠芭,P1,52.9,20.4,台中市,400,41.7,40.5,11709.0,2016,6,19,6
1335,番石榴-珍珠芭,P1,50.4,25.8,台中市,400,40.9,39.9,27657.0,2016,6,21,1
1336,番石榴-珍珠芭,P1,49.6,27.7,台中市,400,40.0,39.5,17735.0,2016,6,22,2
1337,番石榴-珍珠芭,P1,46.1,26.3,台中市,400,38.5,37.2,26801.0,2016,6,23,3
1338,番石榴-珍珠芭,P1,45.8,20.6,台中市,400,35.7,34.5,24949.0,2016,6,24,4
1339,番石榴-珍珠芭,P1,44.3,17.7,台中市,400,31.4,31.9,34560.0,2016,6,25,5
1340,番石榴-珍珠芭,P1,33.0,15.3,台中市,400,27.6,27.3,17486.0,2016,6,26,6
1341,番石榴-珍珠芭,P1,34.1,12.5,台中市,400,21.9,21.9,38006.0,2016,6,28,1
1342,番石榴-珍珠芭,P1,29.4,14.2,台中市,400,21.5,21.9,29933.0,2016,6,29,2
1343,番石榴-珍珠芭,P1,28.2,12.7,台中市,400,21.4,21.4,25492.0,2016,6,30,3
1344,番石榴-珍珠芭,P1,29.2,11.9,台中市,400,22.4,21.2,32596.0,2016,7,1,4
1345,番石榴-珍珠芭,P1,31.3,15.5,台中市,400,25.1,24.8,33284.0,2016,7,2,5
1346,番石榴-珍珠芭,P1,43.0,13.1,台中市,400,25.6,24.6,21399.0,2016,7,3,6
1347,番石榴-珍珠芭,P1,32.3,13.2,台中市,400,25.6,25.0,43137.0,2016,7,5,1
1348,番石榴-珍珠芭,P1,29.7,11.0,台中市,400,24.1,21.8,24128.0,2016,7,6,2
1349,番石榴-珍珠芭,P1,28.2,13.4,台中市,400,21.9,21.9,36572.0,2016,7,7,3
1350,番石榴-珍珠芭,P1,28.4,11.1,台中市,400,21.0,20.1,36147.0,2016,7,8,4
1351,番石榴-珍珠芭,P1,31.0,21.2,台中市,400,27.5,26.5,7833.0,2016,7,9,5
1352,番石榴-珍珠芭,P1,43.2,17.1,台中市,400,27.5,27.1,16623.0,2016,7,10,6
1353,番石榴-珍珠芭,P1,35.3,15.2,台中市,400,26.8,25.6,45226.0,2016,7,12,1
1354,番石榴-珍珠芭,P1,35.0,12.3,台中市,400,26.2,25.3,31011.0,2016,7,13,2
1355,番石榴-珍珠芭,P1,33.2,12.7,台中市,400,25.2,24.3,42899.0,2016,7,14,3
1356,番石榴-珍珠芭,P1,32.1,12.0,台中市,400,25.0,23.7,30155.0,2016,7,15,4
1357,番石榴-珍珠芭,P1,32.6,9.5,台中市,400,24.8,21.8,39336.0,2016,7,16,5
1358,番石榴-珍珠芭,P1,42.5,9.9,台中市,400,27.2,25.0,27567.0,2016,7,17,6
1359,番石榴-珍珠芭,P1,34.2,12.6,台中市,400,26.4,25.3,45036.0,2016,7,19,1
1360,番石榴-珍珠芭,P1,35.0,11.3,台中市,400,27.8,26.3,24727.0,2016,7,20,2
1361,番石榴-珍珠芭,P1,35.6,10.5,台中市,400,28.6,26.0,37592.0,2016,7,21,3
1362,番石榴-珍珠芭,P1,35.7,10.8,台中市,400,27.8,26.4,33694.0,2016,7,22,4
1363,番石榴-珍珠芭,P1,38.7,11.6,台中市,400,27.1,25.3,52073.0,2016,7,23,5
1364,番石榴-珍珠芭,P1,30.7,7.3,台中市,400,24.8,22.7,30016.0,2016,7,24,6
1365,番石榴-珍珠芭,P1,25.9,6.6,台中市,400,20.3,17.4,52312.0,2016,7,26,1
1366,番石榴-珍珠芭,P1,24.6,7.4,台中市,400,19.4,16.7,36028.0,2016,7,27,2
1367,番石榴-珍珠芭,P1,25.8,8.2,台中市,400,19.8,17.7,42904.0,2016,7,28,3
1368,番石榴-珍珠芭,P1,27.2,7.6,台中市,400,19.6,17.9,39862.0,2016,7,29,4
1369,番石榴-珍珠芭,P1,29.4,9.0,台中市,400,20.9,19.8,53334.0,2016,7,30,5
1370,番石榴-珍珠芭,P1,34.6,7.1,台中市,400,19.2,17.2,34185.0,2016,7,31,6
1371,番石榴-珍珠芭,P1,25.7,8.5,台中市,400,19.0,17.6,51744.0,2016,8,2,1
1372,番石榴-珍珠芭,P1,23.8,6.3,台中市,400,17.6,14.8,34687.0,2016,8,3,2
1373,番石榴-珍珠芭,P1,23.7,7.6,台中市,400,16.8,15.7,40893.0,2016,8,4,3
1374,番石榴-珍珠芭,P1,24.5,7.6,台中市,400,16.6,15.3,26502.0,2016,8,5,4
1375,番石榴-珍珠芭,P1,27.0,8.0,台中市,400,16.1,15.3,59195.0,2016,8,6,5
1376,番石榴-珍珠芭,P1,22.7,7.0,台中市,400,16.2,14.0,39984.0,2016,8,7,6
1377,番石榴-珍珠芭,P1,22.2,6.4,台中市,400,15.6,13.9,66665.0,2016,8,9,1
1378,番石榴-珍珠芭,P1,23.1,5.5,台中市,400,15.9,14.3,40485.0,2016,8,10,2
1379,番石榴-珍珠芭,P1,23.2,7.7,台中市,400,15.9,14.4,49463.0,2016,8,11,3
1380,番石榴-珍珠芭,P1,24.6,6.8,台中市,400,16.8,15.6,33229.0,2016,8,12,4
1381,番石榴-珍珠芭,P1,22.5,7.6,台中市,400,16.4,15.2,51583.0,2016,8,13,5
1382,番石榴-珍珠芭,P1,34.5,8.5,台中市,400,17.5,16.4,29035.0,2016,8,14,6
1383,番石榴-珍珠芭,P1,23.8,8.1,台中市,400,16.1,15.7,60538.0,2016,8,16,1
1384,番石榴-珍珠芭,P1,22.6,8.4,台中市,400,16.9,16.0,28814.0,2016,8,17,2
1385,番石榴-珍珠芭,P1,25.0,8.5,台中市,400,17.4,15.5,49963.0,2016,8,20,5
1386,番石榴-珍珠芭,P1,24.6,7.0,台中市,400,17.5,16.0,37370.0,2016,8,21,6
1387,番石榴-珍珠芭,P1,24.6,9.2,台中市,400,18.5,17.0,51545.0,2016,8,23,1
1388,番石榴-珍珠芭,P1,26.1,9.0,台中市,400,19.3,17.9,37789.0,2016,8,24,2
1389,番石榴-珍珠芭,P1,28.9,9.3,台中市,400,19.3,18.4,35629.0,2016,8,25,3
1390,番石榴-珍珠芭,P1,35.7,8.3,台中市,400,22.7,22.6,23334.0,2016,8,26,4
1391,番石榴-珍珠芭,P1,36.2,8.5,台中市,400,26.6,24.8,42619.0,2016,8,27,5
1392,番石榴-珍珠芭,P1,35.6,7.9,台中市,400,25.6,24.0,24603.0,2016,8,28,6
1393,番石榴-珍珠芭,P1,35.8,13.1,台中市,400,26.8,25.4,42734.0,2016,8,30,1
1394,番石榴-珍珠芭,P1,41.0,13.5,台中市,400,29.8,28.1,22554.0,2016,8,31,2
1395,番石榴-珍珠芭,P1,42.5,6.6,台中市,400,31.3,29.2,26736.0,2016,9,1,3
1396,番石榴-珍珠芭,P1,46.3,10.7,台中市,400,36.2,33.8,19689.0,2016,9,2,4
1397,番石榴-珍珠芭,P1,47.5,13.2,台中市,400,39.4,35.1,29205.0,2016,9,3,5
1398,番石榴-珍珠芭,P1,47.5,11.8,台中市,400,38.7,34.7,29371.0,2016,9,6,1
1399,番石榴-珍珠芭,P1,49.8,12.4,台中市,400,40.3,37.5,21418.0,2016,9,7,2
1400,番石榴-珍珠芭,P1,49.6,12.5,台中市,400,40.1,37.4,19576.0,2016,9,8,3
1401,番石榴-珍珠芭,P1,57.8,14.4,台中市,400,43.1,42.8,22385.0,2016,9,9,4
1402,番石榴-珍珠芭,P1,53.9,18.5,台中市,400,46.0,44.4,37138.0,2016,9,10,5
1403,番石榴-珍珠芭,P1,54.3,19.3,台中市,400,46.1,42.8,19127.0,2016,9,11,6
1404,番石榴-珍珠芭,P1,54.0,22.5,台中市,400,45.1,43.1,23762.0,2016,9,13,1
1405,番石榴-珍珠芭,P1,52.0,21.5,台中市,400,42.6,42.0,47764.0,2016,9,14,2
1406,番石榴-珍珠芭,P1,53.6,17.7,台中市,400,41.8,40.7,21229.0,2016,9,15,3
1407,番石榴-珍珠芭,P1,57.1,19.7,台中市,400,45.3,42.9,15543.0,2016,9,18,6
1408,番石榴-珍珠芭,P1,55.6,19.7,台中市,400,44.1,43.2,38383.0,2016,9,20,1
1409,番石榴-珍珠芭,P1,55.6,19.6,台中市,400,45.9,43.6,28757.0,2016,9,21,2
1410,番石榴-珍珠芭,P1,54.1,20.6,台中市,400,44.8,43.5,23616.0,2016,9,22,3
1411,番石榴-珍珠芭,P1,54.5,23.0,台中市,400,45.9,44.6,26878.0,2016,9,23,4
1412,番石榴-珍珠芭,P1,55.8,25.4,台中市,400,45.2,45.4,28992.0,2016,9,24,5
1413,番石榴-珍珠芭,P1,52.9,24.4,台中市,400,45.0,43.1,26381.0,2016,9,25,6
1414,番石榴-珍珠芭,P1,55.2,23.9,台中市,400,46.5,45.9,39416.0,2016,9,27,1
1415,番石榴-珍珠芭,P1,51.8,17.1,台中市,400,43.5,40.6,10481.0,2016,9,28,2
1416,番石榴-珍珠芭,P1,56.9,28.2,台中市,400,44.6,46.0,16887.0,2016,9,29,3
1417,番石榴-珍珠芭,P1,56.8,13.1,台中市,400,46.7,40.3,17552.0,2016,9,30,4
1418,番石榴-珍珠芭,P1,56.7,22.5,台中市,400,47.3,43.0,19284.0,2016,10,1,5
1419,番石榴-珍珠芭,P1,56.7,20.1,台中市,400,47.0,44.7,23656.0,2016,10,2,6
1420,番石榴-珍珠芭,P1,57.4,23.2,台中市,400,48.4,44.0,24918.0,2016,10,4,1
1421,番石榴-珍珠芭,P1,59.8,22.4,台中市,400,49.1,42.6,30361.0,2016,10,5,2
1422,番石榴-珍珠芭,P1,59.8,30.2,台中市,400,49.6,47.9,27712.0,2016,10,6,3
1423,番石榴-珍珠芭,P1,60.5,28.4,台中市,400,49.9,49.3,21132.0,2016,10,7,4
1424,番石榴-珍珠芭,P1,61.9,30.4,台中市,400,50.7,50.4,29742.0,2016,10,8,5
1425,番石榴-珍珠芭,P1,61.8,23.6,台中市,400,50.4,44.7,21249.0,2016,10,9,6
1426,番石榴-珍珠芭,P1,62.5,29.7,台中市,400,50.3,47.7,27507.0,2016,10,11,1
1427,番石榴-珍珠芭,P1,62.2,33.4,台中市,400,49.7,49.1,26962.0,2016,10,12,2
1428,番石榴-珍珠芭,P1,59.5,28.8,台中市,400,49.1,43.8,33890.0,2016,10,13,3
1429,番石榴-珍珠芭,P1,62.7,28.9,台中市,400,49.4,45.9,24186.0,2016,10,14,4
1430,番石榴-珍珠芭,P1,59.4,29.8,台中市,400,48.7,44.8,29556.0,2016,10,15,5
1431,番石榴-珍珠芭,P1,61.2,29.8,台中市,400,49.5,47.6,22398.0,2016,10,16,6
1432,番石榴-珍珠芭,P1,60.0,32.1,台中市,400,49.9,47.2,39792.0,2016,10,18,1
1433,番石榴-珍珠芭,P1,61.2,29.6,台中市,400,50.7,46.7,32204.0,2016,10,19,2
1434,番石榴-珍珠芭,P1,58.6,30.4,台中市,400,49.3,46.6,33896.0,2016,10,20,3
1435,番石榴-珍珠芭,P1,58.6,29.0,台中市,400,48.7,44.1,30242.0,2016,10,21,4
1436,番石榴-珍珠芭,P1,58.8,30.1,台中市,400,49.0,45.4,30160.0,2016,10,22,5
1437,番石榴-珍珠芭,P1,57.4,29.2,台中市,400,46.1,46.2,28114.0,2016,10,23,6
1438,番石榴-珍珠芭,P1,57.3,31.7,台中市,400,48.0,45.9,36471.0,2016,10,25,1
1439,番石榴-珍珠芭,P1,55.8,29.1,台中市,400,47.6,43.5,29560.0,2016,10,26,2
1440,番石榴-珍珠芭,P1,58.3,29.7,台中市,400,45.4,43.7,36473.0,2016,10,27,3
1441,番石榴-珍珠芭,P1,56.0,30.1,台中市,400,46.9,44.8,39533.0,2016,10,28,4
1442,番石榴-珍珠芭,P1,51.1,28.2,台中市,400,44.1,40.5,42286.0,2016,10,29,5
1443,番石榴-珍珠芭,P1,54.1,28.7,台中市,400,45.0,42.1,34961.0,2016,10,30,6
1444,番石榴-珍珠芭,P1,53.2,26.0,台中市,400,44.4,42.0,41672.0,2016,11,1,1
1445,番石榴-珍珠芭,P1,54.4,28.5,台中市,400,43.1,43.2,28036.0,2016,11,2,2
1446,番石榴-珍珠芭,P1,53.4,27.2,台中市,400,43.7,44.5,31600.0,2016,11,3,3
1447,番石榴-珍珠芭,P1,52.2,27.8,台中市,400,43.5,41.0,33952.0,2016,11,4,4
1448,番石榴-珍珠芭,P1,51.3,25.4,台中市,400,41.5,38.7,40191.0,2016,11,5,5
1449,番石榴-珍珠芭,P1,52.8,26.3,台中市,400,42.5,40.6,30706.0,2016,11,6,6
1450,番石榴-珍珠芭,P1,52.1,26.2,台中市,400,42.8,41.4,33549.0,2016,11,8,1
1451,番石榴-珍珠芭,P1,51.1,25.3,台中市,400,44.3,42.0,27110.0,2016,11,9,2
1452,番石榴-珍珠芭,P1,56.0,28.5,台中市,400,46.7,43.7,28789.0,2016,11,10,3
1453,番石榴-珍珠芭,P1,56.2,29.0,台中市,400,46.1,45.2,29539.0,2016,11,11,4
1454,番石榴-珍珠芭,P1,58.1,28.5,台中市,400,47.5,45.1,32883.0,2016,11,12,5
1455,番石榴-珍珠芭,P1,59.3,30.0,台中市,400,46.7,45.9,29025.0,2016,11,13,6
1456,番石榴-珍珠芭,P1,61.3,30.1,台中市,400,49.4,45.0,32222.0,2016,11,15,1
1457,番石榴-珍珠芭,P1,63.0,30.5,台中市,400,49.3,49.9,27892.0,2016,11,16,2
1458,番石榴-珍珠芭,P1,63.6,29.6,台中市,400,50.1,48.4,34951.0,2016,11,17,3
1459,番石榴-珍珠芭,P1,64.4,30.5,台中市,400,50.4,47.7,29031.0,2016,11,18,4
1460,番石榴-珍珠芭,P1,62.5,30.0,台中市,400,51.4,46.9,36745.0,2016,11,19,5
1461,番石榴-珍珠芭,P1,64.6,28.4,台中市,400,52.3,47.4,29960.0,2016,11,20,6
1462,番石榴-珍珠芭,P1,63.1,30.4,台中市,400,53.1,49.1,35350.0,2016,11,22,1
1463,番石榴-珍珠芭,P1,65.8,29.1,台中市,400,53.0,49.3,31406.0,2016,11,23,2
1464,番石榴-珍珠芭,P1,64.6,31.6,台中市,400,53.8,51.7,20359.0,2016,11,24,3
1465,番石榴-珍珠芭,P1,66.7,33.1,台中市,400,53.2,52.4,25612.0,2016,11,25,4
1466,番石榴-珍珠芭,P1,64.2,32.7,台中市,400,54.5,51.7,42860.0,2016,11,26,5
1467,番石榴-珍珠芭,P1,65.1,29.8,台中市,400,51.7,49.8,33725.0,2016,11,27,6
1468,番石榴-珍珠芭,P1,66.2,32.6,台中市,400,56.2,51.5,27712.0,2016,11,29,1
1469,番石榴-珍珠芭,P1,67.9,31.0,台中市,400,53.4,49.3,26508.0,2016,11,30,2
1470,番石榴-珍珠芭,P1,66.6,30.6,台中市,400,54.3,49.8,25556.0,2016,12,1,3
1471,番石榴-珍珠芭,P1,64.1,32.4,台中市,400,53.5,50.6,26455.0,2016,12,2,4
1472,番石榴-珍珠芭,P1,63.9,35.0,台中市,400,53.4,50.1,35852.0,2016,12,3,5
1473,番石榴-珍珠芭,P1,64.2,31.9,台中市,400,53.2,48.4,29433.0,2016,12,4,6
1474,番石榴-珍珠芭,P1,64.2,35.7,台中市,400,53.9,50.1,27618.0,2016,12,6,1
1475,番石榴-珍珠芭,P1,68.7,35.6,台中市,400,54.4,50.7,22362.0,2016,12,7,2
1476,番石榴-珍珠芭,P1,65.5,36.3,台中市,400,56.0,52.1,24455.0,2016,12,8,3
1477,番石榴-珍珠芭,P1,69.2,36.9,台中市,400,56.0,53.7,23774.0,2016,12,9,4
1478,番石榴-珍珠芭,P1,68.4,38.5,台中市,400,55.7,53.8,29554.0,2016,12,10,5
1479,番石榴-珍珠芭,P1,68.4,35.4,台中市,400,55.9,50.7,18338.0,2016,12,11,6
1480,番石榴-珍珠芭,P1,70.0,26.2,台中市,400,53.7,51.3,26411.0,2016,12,13,1
1481,番石榴-珍珠芭,P1,73.4,37.8,台中市,400,56.2,51.5,24663.0,2016,12,14,2
1482,番石榴-珍珠芭,P1,68.5,32.2,台中市,400,56.2,48.5,18400.0,2016,12,15,3
1483,番石榴-珍珠芭,P1,71.1,38.3,台中市,400,58.4,53.0,21819.0,2016,12,16,4
1484,番石榴-珍珠芭,P1,74.0,39.2,台中市,400,59.5,54.0,22415.0,2016,12,17,5
1485,番石榴-珍珠芭,P1,75.4,38.1,台中市,400,59.8,51.5,21721.0,2016,12,18,6
1486,番石榴-珍珠芭,P1,76.6,38.5,台中市,400,61.2,57.0,23975.0,2016,12,20,1
1487,番石榴-珍珠芭,P1,76.2,38.7,台中市,400,62.7,57.2,23871.0,2016,12,21,2
1488,番石榴-珍珠芭,P1,78.0,39.6,台中市,400,62.2,58.8,16466.0,2016,12,22,3
1489,番石榴-珍珠芭,P1,75.9,41.6,台中市,400,63.6,57.5,20043.0,2016,12,23,4
1490,番石榴-珍珠芭,P1,75.7,40.7,台中市,400,63.7,59.1,24429.0,2016,12,24,5
1491,番石榴-珍珠芭,P1,78.9,39.6,台中市,400,64.0,60.7,16193.0,2016,12,25,6
1492,番石榴-珍珠芭,P1,76.8,39.8,台中市,400,65.2,57.9,22988.0,2016,12,27,1
1493,番石榴-珍珠芭,P1,80.0,41.7,台中市,400,66.0,60.1,23837.0,2016,12,28,2
1494,番石榴-珍珠芭,P1,79.2,39.8,台中市,400,66.2,58.6,18513.0,2016,12,29,3
1495,番石榴-珍珠芭,P1,80.4,44.3,台中市,400,65.9,60.6,12587.0,2016,12,30,4
1496,番石榴-珍珠芭,P1,83.5,44.9,台中市,400,68.8,62.4,22239.0,2016,12,31,5
1497,番石榴-珍珠芭,P1,84.7,46.9,台中市,400,67.3,64.1,19646.0,2017,1,1,6
1498,番石榴-珍珠芭,P1,84.2,44.0,台中市,400,68.2,66.7,17956.0,2017,1,3,1
1499,番石榴-珍珠芭,P1,83.3,43.6,台中市,400,66.7,60.9,17162.0,2017,1,4,2
1500,番石榴-珍珠芭,P1,85.4,45.5,台中市,400,67.2,63.0,19812.0,2017,1,5,3
1501,番石榴-珍珠芭,P1,81.6,42.7,台中市,400,67.3,61.4,19058.0,2017,1,6,4
1502,番石榴-珍珠芭,P1,79.5,42.0,台中市,400,64.7,60.0,15975.0,2017,1,8,6
1503,番石榴-珍珠芭,P1,79.5,42.4,台中市,400,65.9,61.4,21859.0,2017,1,10,1
1504,番石榴-珍珠芭,P1,80.1,42.2,台中市,400,63.2,62.6,18835.0,2017,1,11,2
1505,番石榴-珍珠芭,P1,78.2,43.2,台中市,400,64.0,61.4,20330.0,2017,1,12,3
1506,番石榴-珍珠芭,P1,81.2,44.4,台中市,400,64.2,62.3,13349.0,2017,1,13,4
1507,番石榴-珍珠芭,P1,79.6,41.0,台中市,400,64.9,59.9,19453.0,2017,1,14,5
1508,番石榴-珍珠芭,P1,78.2,44.6,台中市,400,65.4,63.1,10342.0,2017,1,15,6
1509,番石榴-珍珠芭,P1,79.5,46.1,台中市,400,65.7,61.7,24271.0,2017,1,17,1
1510,番石榴-珍珠芭,P1,78.8,43.9,台中市,400,65.4,58.0,14797.0,2017,1,18,2
1511,番石榴-珍珠芭,P1,81.2,44.6,台中市,400,65.3,62.1,16306.0,2017,1,19,3
1512,番石榴-珍珠芭,P1,80.4,44.7,台中市,400,62.6,63.1,10599.0,2017,1,20,4
1513,番石榴-珍珠芭,P1,74.7,44.9,台中市,400,59.8,58.0,21895.0,2017,1,21,5
1514,番石榴-珍珠芭,P1,72.8,43.4,台中市,400,58.8,56.9,10892.0,2017,1,22,6
1515,番石榴-珍珠芭,P1,77.4,43.1,台中市,400,60.7,57.9,21781.0,2017,1,24,1
1516,番石榴-珍珠芭,P1,74.8,45.1,台中市,400,60.9,56.2,14593.0,2017,1,25,2
1517,番石榴-珍珠芭,P1,78.1,45.2,台中市,400,62.1,60.1,23124.0,2017,1,26,3
1518,番石榴-珍珠芭,P1,76.2,46.0,台中市,400,62.3,60.7,9149.0,2017,1,27,4
1519,番石榴-珍珠芭,P1,81.8,49.6,台中市,400,64.2,67.5,21555.0,2017,2,2,3
1520,番石榴-珍珠芭,P1,77.8,38.5,台中市,400,65.0,58.9,33258.0,2017,2,3,4
1521,番石榴-珍珠芭,P1,72.8,40.3,台中市,400,59.1,52.8,25903.0,2017,2,4,5
1522,番石榴-珍珠芭,P1,71.4,40.6,台中市,400,58.0,54.9,40123.0,2017,2,7,1
1523,番石榴-珍珠芭,P1,71.3,38.5,台中市,400,55.0,53.7,18499.0,2017,2,8,2
1524,番石榴-珍珠芭,P1,68.7,40.8,台中市,400,56.6,53.0,21990.0,2017,2,9,3
1525,番石榴-珍珠芭,P1,65.7,39.6,台中市,400,53.9,50.8,19831.0,2017,2,10,4
1526,番石榴-珍珠芭,P1,70.6,42.2,台中市,400,58.5,56.2,18813.0,2017,2,11,5
1527,番石榴-珍珠芭,P1,74.8,47.5,台中市,400,60.5,57.8,10102.0,2017,2,14,1
1528,番石榴-珍珠芭,P1,70.5,39.5,台中市,400,57.0,53.6,11885.0,2017,2,15,2
1529,番石榴-珍珠芭,P1,71.0,41.9,台中市,400,58.3,55.6,25189.0,2017,2,16,3
1530,番石榴-珍珠芭,P1,68.5,40.8,台中市,400,57.2,52.4,21734.0,2017,2,17,4
1531,番石榴-珍珠芭,P1,70.9,42.6,台中市,400,57.4,54.2,26818.0,2017,2,18,5
1532,番石榴-珍珠芭,P1,69.8,42.8,台中市,400,55.7,52.8,14085.0,2017,2,19,6
1533,番石榴-珍珠芭,P1,73.8,42.5,台中市,400,59.4,56.7,21053.0,2017,2,21,1
1534,番石榴-珍珠芭,P1,72.4,42.9,台中市,400,57.5,53.9,15682.0,2017,2,22,2
1535,番石榴-珍珠芭,P1,71.4,40.8,台中市,400,57.1,54.4,22165.0,2017,2,23,3
1536,番石榴-珍珠芭,P1,68.8,41.0,台中市,400,55.5,53.7,21075.0,2017,2,24,4
1537,番石榴-珍珠芭,P1,70.8,41.6,台中市,400,55.5,55.2,20224.0,2017,2,25,5
1538,番石榴-珍珠芭,P1,66.9,38.9,台中市,400,54.6,53.5,15530.0,2017,2,26,6
1539,番石榴-珍珠芭,P1,71.6,42.0,台中市,400,56.9,56.3,16583.0,2017,2,28,1
1540,番石榴-珍珠芭,P1,66.6,40.6,台中市,400,52.7,55.4,17661.0,2017,3,1,2
1541,番石榴-珍珠芭,P1,64.2,41.2,台中市,400,53.0,52.9,24499.0,2017,3,2,3
1542,番石榴-珍珠芭,P1,70.9,43.0,台中市,400,57.4,53.5,21609.0,2017,3,3,4
1543,番石榴-珍珠芭,P1,67.7,41.7,台中市,400,57.0,54.3,24535.0,2017,3,4,5
1544,番石榴-珍珠芭,P1,69.7,41.3,台中市,400,54.3,54.7,14730.0,2017,3,5,6
1545,番石榴-珍珠芭,P1,70.7,40.1,台中市,400,55.4,55.2,18835.0,2017,3,7,1
1546,番石榴-珍珠芭,P1,69.1,42.9,台中市,400,55.8,55.0,22635.0,2017,3,8,2
1547,番石榴-珍珠芭,P1,72.1,43.1,台中市,400,56.9,57.0,16115.0,2017,3,9,3
1548,番石榴-珍珠芭,P1,64.5,42.6,台中市,400,55.3,54.9,20357.0,2017,3,10,4
1549,番石榴-珍珠芭,P1,66.1,41.7,台中市,400,55.7,53.5,28283.0,2017,3,11,5
1550,番石榴-珍珠芭,P1,66.1,40.0,台中市,400,51.5,51.6,19812.0,2017,3,12,6
1551,番石榴-珍珠芭,P1,64.8,36.1,台中市,400,50.3,49.6,28792.0,2017,3,14,1
1552,番石榴-珍珠芭,P1,61.8,36.0,台中市,400,47.3,46.9,22579.0,2017,3,15,2
1553,番石榴-珍珠芭,P1,62.1,37.8,台中市,400,51.4,47.4,24207.0,2017,3,16,3
1554,番石榴-珍珠芭,P1,59.6,33.6,台中市,400,46.7,45.1,20849.0,2017,3,17,4
1555,番石榴-珍珠芭,P1,62.5,34.4,台中市,400,51.6,49.6,33755.0,2017,3,18,5
1556,番石榴-珍珠芭,P1,61.4,31.7,台中市,400,47.8,47.6,17537.0,2017,3,19,6
1557,番石榴-珍珠芭,P1,57.5,30.6,台中市,400,45.9,43.8,32542.0,2017,3,21,1
1558,番石榴-珍珠芭,P1,49.8,23.7,台中市,400,39.3,36.2,28087.0,2017,3,22,2
1559,番石榴-珍珠芭,P1,45.5,18.2,台中市,400,35.4,32.1,33381.0,2017,3,23,3
1560,番石榴-珍珠芭,P1,45.0,17.5,台中市,400,35.6,32.5,28780.0,2017,3,24,4
1561,番石榴-珍珠芭,P1,43.1,19.3,台中市,400,34.9,32.4,43682.0,2017,3,25,5
1562,番石榴-珍珠芭,P1,40.2,17.2,台中市,400,28.2,27.7,29432.0,2017,3,26,6
1563,番石榴-珍珠芭,P1,33.6,16.8,台中市,400,25.9,25.2,40077.0,2017,3,28,1
1564,番石榴-珍珠芭,P1,34.1,17.7,台中市,400,25.8,25.2,36123.0,2017,3,29,2
1565,番石榴-珍珠芭,P1,31.0,16.9,台中市,400,24.9,24.0,40323.0,2017,3,30,3
1566,番石榴-珍珠芭,P1,30.9,14.0,台中市,400,23.4,21.6,38218.0,2017,3,31,4
1567,番石榴-珍珠芭,P1,28.5,10.8,台中市,400,21.5,20.2,49587.0,2017,4,1,5
1568,番石榴-珍珠芭,P1,30.0,9.9,台中市,400,20.4,20.4,32154.0,2017,4,2,6
1569,番石榴-珍珠芭,P1,31.8,10.5,台中市,400,25.1,22.9,8234.0,2017,4,3,0
1570,番石榴-珍珠芭,P1,26.8,12.3,台中市,400,20.9,20.8,64726.0,2017,4,6,3
1571,番石榴-珍珠芭,P1,23.7,9.7,台中市,400,18.5,17.1,63075.0,2017,4,7,4
1572,番石榴-珍珠芭,P1,22.5,8.9,台中市,400,16.7,14.9,68825.0,2017,4,8,5
1573,番石榴-珍珠芭,P1,23.7,7.4,台中市,400,16.5,14.9,56285.0,2017,4,9,6
1574,番石榴-珍珠芭,P1,21.0,6.5,台中市,400,15.4,13.6,69218.0,2017,4,11,1
1575,番石榴-珍珠芭,P1,18.2,5.9,台中市,400,12.9,12.2,56187.0,2017,4,12,2
1576,番石榴-珍珠芭,P1,18.4,6.0,台中市,400,12.3,11.8,44865.0,2017,4,13,3
1577,番石榴-珍珠芭,P1,19.4,7.2,台中市,400,12.8,13.2,52093.0,2017,4,14,4
1578,番石榴-珍珠芭,P1,22.9,5.8,台中市,400,12.5,12.7,71770.0,2017,4,15,5
1579,番石榴-珍珠芭,P1,17.3,5.0,台中市,400,11.9,12.1,54987.0,2017,4,16,6
1580,番石榴-珍珠芭,P1,18.0,6.1,台中市,400,12.5,12.3,72747.0,2017,4,18,1
1581,番石榴-珍珠芭,P1,16.9,6.3,台中市,400,11.9,11.9,55098.0,2017,4,19,2
1582,番石榴-珍珠芭,P1,16.1,5.1,台中市,400,11.1,10.7,58372.0,2017,4,20,3
1583,番石榴-珍珠芭,P1,14.6,5.1,台中市,400,10.8,9.9,50607.0,2017,4,21,4
1584,番石榴-珍珠芭,P1,18.1,6.8,台中市,400,12.7,13.0,74346.0,2017,4,22,5
1585,番石榴-珍珠芭,P1,14.4,4.8,台中市,400,10.0,10.0,47797.0,2017,4,23,6
1586,番石榴-珍珠芭,P1,15.5,6.4,台中市,400,11.7,11.4,58223.0,2017,4,25,1
1587,番石榴-珍珠芭,P1,16.8,6.0,台中市,400,11.6,11.8,50576.0,2017,4,26,2
1588,番石榴-珍珠芭,P1,16.6,6.9,台中市,400,12.0,12.2,49711.0,2017,4,27,3
1589,番石榴-珍珠芭,P1,16.0,7.6,台中市,400,12.2,12.3,46144.0,2017,4,28,4
1590,番石榴-珍珠芭,P1,16.6,8.1,台中市,400,12.8,12.7,66318.0,2017,4,29,5
1591,番石榴-珍珠芭,P1,16.8,8.3,台中市,400,13.4,13.4,49426.0,2017,4,30,6
1592,番石榴-珍珠芭,P1,20.2,9.5,台中市,400,14.5,14.0,66283.0,2017,5,2,1
1593,番石榴-珍珠芭,P1,21.2,10.0,台中市,400,16.0,15.9,46344.0,2017,5,3,2
1594,番石榴-珍珠芭,P1,21.4,9.9,台中市,400,15.6,15.5,45550.0,2017,5,4,3
1595,番石榴-珍珠芭,P1,21.6,9.1,台中市,400,15.7,15.0,38561.0,2017,5,5,4
1596,番石榴-珍珠芭,P1,21.5,8.0,台中市,400,16.5,16.5,60910.0,2017,5,6,5
1597,番石榴-珍珠芭,P1,20.6,5.4,台中市,400,15.1,13.8,48670.0,2017,5,7,6
1598,番石榴-珍珠芭,P1,23.0,6.5,台中市,400,17.0,16.2,53883.0,2017,5,9,1
1599,番石榴-珍珠芭,P1,22.1,5.6,台中市,400,16.2,14.3,55482.0,2017,5,10,2
1600,番石榴-珍珠芭,P1,18.4,6.9,台中市,400,13.2,12.9,46662.0,2017,5,11,3
1601,番石榴-珍珠芭,P1,17.7,6.9,台中市,400,13.3,12.7,39700.0,2017,5,12,4
1602,番石榴-珍珠芭,P1,20.8,7.2,台中市,400,14.0,13.1,53465.0,2017,5,13,5
1603,番石榴-珍珠芭,P1,18.0,9.2,台中市,400,13.4,13.8,35141.0,2017,5,14,6
1604,番石榴-珍珠芭,P1,17.7,8.0,台中市,400,13.4,13.1,50401.0,2017,5,16,1
1605,番石榴-珍珠芭,P1,19.4,6.7,台中市,400,13.8,13.1,28277.0,2017,5,17,2
1606,番石榴-珍珠芭,P1,20.2,6.9,台中市,400,14.4,13.7,41353.0,2017,5,18,3
1607,番石榴-珍珠芭,P1,21.7,9.9,台中市,400,16.1,16.1,27982.0,2017,5,19,4
1608,番石榴-珍珠芭,P1,23.5,7.5,台中市,400,16.9,16.6,40000.0,2017,5,20,5
1609,番石榴-珍珠芭,P1,23.1,9.6,台中市,400,17.1,17.2,23740.0,2017,5,21,6
1610,番石榴-珍珠芭,P1,20.8,10.3,台中市,400,17.1,17.4,41096.0,2017,5,23,1
1611,番石榴-珍珠芭,P1,22.0,11.7,台中市,400,16.9,17.9,34721.0,2017,5,24,2
1612,番石榴-珍珠芭,P1,31.1,10.8,台中市,400,23.5,22.8,28549.0,2017,5,25,3
1613,番石榴-珍珠芭,P1,33.2,11.9,台中市,400,26.0,25.4,29332.0,2017,5,26,4
1614,番石榴-珍珠芭,P1,36.1,16.6,台中市,400,28.2,28.8,26663.0,2017,5,27,5
1615,番石榴-珍珠芭,P1,34.8,16.4,台中市,400,27.2,27.2,33718.0,2017,5,28,6
1616,番石榴-珍珠芭,P1,31.4,16.1,台中市,400,24.1,24.2,9248.0,2017,5,29,0
1617,番石榴-珍珠芭,P1,30.8,14.6,台中市,400,23.3,23.6,24229.0,2017,5,30,1
1618,番石榴-珍珠芭,P1,31.2,15.8,台中市,400,24.7,24.8,35909.0,2017,6,2,4
1619,番石榴-珍珠芭,P1,31.2,16.0,台中市,400,24.6,23.8,28125.0,2017,6,3,5
1620,番石榴-珍珠芭,P1,34.0,17.4,台中市,400,25.1,25.9,19473.0,2017,6,4,6
1621,番石榴-珍珠芭,P1,32.8,14.6,台中市,400,26.0,25.5,33486.0,2017,6,6,1
1622,番石榴-珍珠芭,P1,36.6,18.2,台中市,400,29.9,30.5,28516.0,2017,6,7,2
1623,番石榴-珍珠芭,P1,38.1,20.5,台中市,400,30.3,32.2,21373.0,2017,6,8,3
1624,番石榴-珍珠芭,P1,38.4,18.4,台中市,400,30.5,31.1,27034.0,2017,6,9,4
1625,番石榴-珍珠芭,P1,38.2,20.1,台中市,400,30.9,31.8,26281.0,2017,6,10,5
1626,番石榴-珍珠芭,P1,39.5,19.4,台中市,400,31.1,32.1,20361.0,2017,6,11,6
1627,番石榴-珍珠芭,P1,39.0,17.8,台中市,400,31.6,31.8,33352.0,2017,6,13,1
1628,番石榴-珍珠芭,P1,38.1,17.2,台中市,400,29.7,30.9,22806.0,2017,6,14,2
1629,番石榴-珍珠芭,P1,37.1,19.6,台中市,400,29.0,32.2,17960.0,2017,6,15,3
1630,番石榴-珍珠芭,P1,33.5,17.4,台中市,400,26.4,26.1,19264.0,2017,6,16,4
1631,番石榴-珍珠芭,P1,37.5,17.5,台中市,400,30.6,31.0,32732.0,2017,6,17,5
1632,番石榴-珍珠芭,P1,40.3,11.4,台中市,400,29.4,28.2,10305.0,2017,6,18,6
1633,番石榴-珍珠芭,P1,38.6,19.8,台中市,400,31.0,31.7,33234.0,2017,6,20,1
1634,番石榴-珍珠芭,P1,39.8,23.4,台中市,400,32.7,33.3,30908.0,2017,6,21,2
1635,番石榴-珍珠芭,P1,38.8,22.8,台中市,400,32.6,32.7,32848.0,2017,6,22,3
1636,番石榴-珍珠芭,P1,39.2,19.6,台中市,400,31.6,32.3,23715.0,2017,6,23,4
1637,番石榴-珍珠芭,P1,40.8,19.2,台中市,400,31.6,31.7,28911.0,2017,6,24,5
1638,番石榴-珍珠芭,P1,41.1,21.3,台中市,400,34.2,33.8,14298.0,2017,6,25,6
1639,番石榴-珍珠芭,P1,40.7,21.7,台中市,400,32.0,32.8,37381.0,2017,6,27,1
1640,番石榴-珍珠芭,P1,39.2,20.4,台中市,400,31.9,32.4,26321.0,2017,6,28,2
1641,番石榴-珍珠芭,P1,36.7,20.8,台中市,400,31.8,32.6,25975.0,2017,6,29,3
1642,番石榴-珍珠芭,P1,40.8,21.6,台中市,400,30.7,32.3,29158.0,2017,6,30,4
1643,番石榴-珍珠芭,P1,35.2,17.9,台中市,400,26.4,26.1,37445.0,2017,7,1,5
1644,番石榴-珍珠芭,P1,34.0,14.6,台中市,400,23.9,23.9,18692.0,2017,7,2,6
1645,番石榴-珍珠芭,P1,30.9,11.7,台中市,400,20.0,20.6,43173.0,2017,7,4,1
1646,番石榴-珍珠芭,P1,29.0,10.7,台中市,400,20.2,20.6,33970.0,2017,7,5,2
1647,番石榴-珍珠芭,P1,27.8,10.9,台中市,400,19.9,20.6,30131.0,2017,7,6,3
1648,番石榴-珍珠芭,P1,27.8,10.6,台中市,400,19.7,21.2,22386.0,2017,7,7,4
1649,番石榴-珍珠芭,P1,27.6,9.5,台中市,400,19.7,19.2,32040.0,2017,7,8,5
1650,番石榴-珍珠芭,P1,29.4,11.7,台中市,400,20.4,20.7,18076.0,2017,7,9,6
1651,番石榴-珍珠芭,P1,29.2,14.0,台中市,400,21.8,22.3,36759.0,2017,7,11,1
1652,番石榴-珍珠芭,P1,26.9,11.2,台中市,400,20.7,20.0,25722.0,2017,7,12,2
1653,番石榴-珍珠芭,P1,27.0,9.8,台中市,400,18.6,18.7,33112.0,2017,7,13,3
1654,番石榴-珍珠芭,P1,26.7,10.7,台中市,400,19.6,19.3,21648.0,2017,7,14,4
1655,番石榴-珍珠芭,P1,28.1,8.8,台中市,400,20.0,20.1,35747.0,2017,7,15,5
1656,番石榴-珍珠芭,P1,27.4,9.4,台中市,400,19.8,19.8,22875.0,2017,7,16,6
1657,番石榴-珍珠芭,P1,26.5,10.0,台中市,400,20.2,20.3,39129.0,2017,7,18,1
1658,番石榴-珍珠芭,P1,26.9,11.1,台中市,400,20.3,20.3,26757.0,2017,7,19,2
1659,番石榴-珍珠芭,P1,26.2,12.3,台中市,400,21.5,21.6,32568.0,2017,7,20,3
1660,番石榴-珍珠芭,P1,27.0,10.1,台中市,400,21.6,20.8,30207.0,2017,7,21,4
1661,番石榴-珍珠芭,P1,31.8,10.0,台中市,400,21.3,21.2,39079.0,2017,7,22,5
1662,番石榴-珍珠芭,P1,29.1,10.8,台中市,400,22.1,20.6,19810.0,2017,7,23,6
1663,番石榴-珍珠芭,P1,26.9,10.6,台中市,400,21.1,20.8,41698.0,2017,7,25,1
1664,番石榴-珍珠芭,P1,26.9,10.9,台中市,400,22.3,21.7,29859.0,2017,7,26,2
1665,番石榴-珍珠芭,P1,26.8,9.0,台中市,400,21.1,20.8,39626.0,2017,7,27,3
1666,番石榴-珍珠芭,P1,26.3,11.0,台中市,400,21.9,21.2,24283.0,2017,7,28,4
1667,番石榴-珍珠芭,P1,29.3,10.8,台中市,400,21.3,21.2,45608.0,2017,7,29,5
1668,番石榴-珍珠芭,P1,28.8,8.2,台中市,400,21.6,20.4,20405.0,2017,7,30,6
1669,番石榴-珍珠芭,P1,30.7,13.5,台中市,400,23.8,23.4,21665.0,2017,8,1,1
1670,番石榴-珍珠芭,P1,31.7,17.0,台中市,400,25.5,25.5,17020.0,2017,8,2,2
1671,番石榴-珍珠芭,P1,31.4,16.3,台中市,400,24.8,24.7,43178.0,2017,8,3,3
1672,番石榴-珍珠芭,P1,32.0,12.9,台中市,400,24.6,23.3,33386.0,2017,8,4,4
1673,番石榴-珍珠芭,P1,28.9,11.8,台中市,400,22.9,21.6,43105.0,2017,8,5,5
1674,番石榴-珍珠芭,P1,34.9,8.2,台中市,400,22.6,20.5,19925.0,2017,8,6,6
1675,番石榴-珍珠芭,P1,28.6,8.7,台中市,400,21.4,20.7,45464.0,2017,8,8,1
1676,番石榴-珍珠芭,P1,30.7,8.6,台中市,400,23.5,22.3,22207.0,2017,8,9,2
1677,番石榴-珍珠芭,P1,27.4,9.3,台中市,400,21.3,21.1,43035.0,2017,8,10,3
1678,番石榴-珍珠芭,P1,30.2,9.2,台中市,400,22.4,21.6,24193.0,2017,8,11,4
1679,番石榴-珍珠芭,P1,32.5,8.2,台中市,400,21.5,20.8,43595.0,2017,8,12,5
1680,番石榴-珍珠芭,P1,32.8,8.5,台中市,400,23.1,23.1,17931.0,2017,8,13,6
1681,番石榴-珍珠芭,P1,28.5,6.7,台中市,400,21.9,19.7,45423.0,2017,8,15,1
1682,番石榴-珍珠芭,P1,28.3,9.2,台中市,400,21.1,20.9,29029.0,2017,8,16,2
1683,番石榴-珍珠芭,P1,29.0,10.2,台中市,400,21.0,20.8,35193.0,2017,8,17,3
1684,番石榴-珍珠芭,P1,27.6,9.4,台中市,400,20.4,19.6,36358.0,2017,8,18,4
1685,番石榴-珍珠芭,P1,28.2,9.4,台中市,400,21.6,20.5,42583.0,2017,8,19,5
1686,番石榴-珍珠芭,P1,34.6,10.3,台中市,400,23.0,21.9,26421.0,2017,8,20,6
1687,番石榴-珍珠芭,P1,28.7,10.0,台中市,400,21.6,20.8,44461.0,2017,8,22,1
1688,番石榴-珍珠芭,P1,28.5,6.4,台中市,400,22.1,19.6,21166.0,2017,8,23,2
1689,番石榴-珍珠芭,P1,31.3,11.2,台中市,400,22.7,23.1,27323.0,2017,8,24,3
1690,番石榴-珍珠芭,P1,29.2,10.8,台中市,400,22.8,21.6,28736.0,2017,8,25,4
1691,番石榴-珍珠芭,P1,30.2,8.7,台中市,400,22.6,21.1,38275.0,2017,8,26,5
1692,番石榴-珍珠芭,P1,31.8,6.4,台中市,400,23.4,20.8,25740.0,2017,8,27,6
1693,番石榴-珍珠芭,P1,29.3,10.7,台中市,400,22.2,21.4,34023.0,2017,8,29,1
1694,番石榴-珍珠芭,P1,30.3,9.6,台中市,400,23.5,21.6,27796.0,2017,8,30,2
1695,番石榴-珍珠芭,P1,31.0,12.0,台中市,400,24.1,22.4,34859.0,2017,8,31,3
1696,番石榴-珍珠芭,P1,30.9,11.4,台中市,400,24.0,23.3,27759.0,2017,9,1,4
1697,番石榴-珍珠芭,P1,34.6,11.4,台中市,400,26.2,25.5,28782.0,2017,9,2,5
1698,番石榴-珍珠芭,P1,36.0,13.5,台中市,400,26.7,26.6,27730.0,2017,9,3,6
1699,番石榴-珍珠芭,P1,37.4,19.0,台中市,400,29.1,28.7,7212.0,2017,9,4,0
1700,番石榴-珍珠芭,P1,40.3,9.2,台中市,400,31.5,28.4,26077.0,2017,9,5,1
1701,番石榴-珍珠芭,P1,41.4,14.6,台中市,400,33.6,32.6,29510.0,2017,9,8,4
1702,番石榴-珍珠芭,P1,41.4,14.8,台中市,400,33.9,31.8,51052.0,2017,9,9,5
1703,番石榴-珍珠芭,P1,42.3,12.0,台中市,400,32.7,30.3,36119.0,2017,9,10,6
1704,番石榴-珍珠芭,P1,41.6,14.6,台中市,400,34.3,32.7,40525.0,2017,9,12,1
1705,番石榴-珍珠芭,P1,41.3,11.2,台中市,400,33.4,30.2,40076.0,2017,9,13,2
1706,番石榴-珍珠芭,P1,41.8,10.8,台中市,400,32.6,30.5,22768.0,2017,9,14,3
1707,番石榴-珍珠芭,P1,39.7,16.3,台中市,400,32.9,30.6,22632.0,2017,9,15,4
1708,番石榴-珍珠芭,P1,43.6,16.9,台中市,400,34.8,34.1,26954.0,2017,9,16,5
1709,番石榴-珍珠芭,P1,43.9,16.6,台中市,400,34.9,34.2,27153.0,2017,9,17,6
1710,番石榴-珍珠芭,P1,42.9,14.2,台中市,400,34.4,33.5,33411.0,2017,9,19,1
1711,番石榴-珍珠芭,P1,44.2,15.6,台中市,400,36.4,35.1,28098.0,2017,9,20,2
1712,番石榴-珍珠芭,P1,45.5,14.4,台中市,400,34.9,34.4,30814.0,2017,9,21,3
1713,番石榴-珍珠芭,P1,44.7,12.8,台中市,400,36.4,33.4,28875.0,2017,9,22,4
1714,番石榴-珍珠芭,P1,45.6,14.8,台中市,400,36.1,35.0,31420.0,2017,9,23,5
1715,番石榴-珍珠芭,P1,48.2,14.5,台中市,400,37.4,36.0,27393.0,2017,9,24,6
1716,番石榴-珍珠芭,P1,45.9,15.8,台中市,400,37.7,36.4,37726.0,2017,9,26,1
1717,番石榴-珍珠芭,P1,45.4,18.5,台中市,400,35.9,34.8,26994.0,2017,9,27,2
1718,番石榴-珍珠芭,P1,43.0,18.9,台中市,400,35.3,34.4,35287.0,2017,9,28,3
1719,番石榴-珍珠芭,P1,42.6,17.5,台中市,400,33.3,34.3,35445.0,2017,9,29,4
1720,番石榴-珍珠芭,P1,43.2,16.6,台中市,400,35.7,33.3,38350.0,2017,9,30,5
1721,番石榴-珍珠芭,P1,41.1,12.0,台中市,400,31.8,29.5,30666.0,2017,10,1,6
1722,番石榴-珍珠芭,P1,42.6,15.6,台中市,400,34.4,34.7,51640.0,2017,10,3,1
1723,番石榴-珍珠芭,P1,39.7,5.6,台中市,400,29.8,25.1,36843.0,2017,10,4,2
1724,番石榴-珍珠芭,P1,37.8,11.6,台中市,400,30.9,29.3,61624.0,2017,10,7,5
1725,番石榴-珍珠芭,P1,35.8,9.7,台中市,400,28.8,25.5,44855.0,2017,10,8,6
1726,番石榴-珍珠芭,P1,31.5,12.3,台中市,400,24.8,23.2,55893.0,2017,10,10,1
1727,番石榴-珍珠芭,P1,32.0,11.0,台中市,400,25.1,24.0,37152.0,2017,10,11,2
1728,番石榴-珍珠芭,P1,30.7,7.0,台中市,400,24.5,22.2,40102.0,2017,10,12,3
1729,番石榴-珍珠芭,P1,31.2,8.8,台中市,400,24.0,22.6,36612.0,2017,10,13,4
1730,番石榴-珍珠芭,P1,31.1,11.6,台中市,400,22.7,22.0,42487.0,2017,10,14,5
1731,番石榴-珍珠芭,P1,30.4,9.9,台中市,400,24.4,23.0,33356.0,2017,10,15,6
1732,番石榴-珍珠芭,P1,36.6,12.5,台中市,400,29.5,29.0,38379.0,2017,10,17,1
1733,番石榴-珍珠芭,P1,38.4,14.7,台中市,400,31.0,29.0,38459.0,2017,10,18,2
1734,番石榴-珍珠芭,P1,38.2,14.0,台中市,400,31.7,30.2,43447.0,2017,10,19,3
1735,番石榴-珍珠芭,P1,38.7,16.2,台中市,400,31.5,31.1,29878.0,2017,10,20,4
1736,番石榴-珍珠芭,P1,38.8,17.1,台中市,400,33.3,32.1,38888.0,2017,10,21,5
1737,番石榴-珍珠芭,P1,43.9,17.4,台中市,400,34.2,32.9,26657.0,2017,10,22,6
1738,番石榴-珍珠芭,P1,46.2,17.0,台中市,400,38.2,36.5,45077.0,2017,10,24,1
1739,番石榴-珍珠芭,P1,51.6,16.4,台中市,400,43.1,38.9,35686.0,2017,10,25,2
1740,番石榴-珍珠芭,P1,50.5,21.2,台中市,400,43.5,41.9,33814.0,2017,10,26,3
1741,番石榴-珍珠芭,P1,54.0,23.2,台中市,400,44.2,43.4,28401.0,2017,10,27,4
1742,番石榴-珍珠芭,P1,55.5,28.8,台中市,400,45.4,45.7,34799.0,2017,10,28,5
1743,番石榴-珍珠芭,P1,55.1,26.9,台中市,400,45.7,45.6,20167.0,2017,10,29,6
1744,番石榴-珍珠芭,P1,56.5,30.2,台中市,400,46.4,46.6,37828.0,2017,10,31,1
1745,番石榴-珍珠芭,P1,59.5,29.8,台中市,400,47.9,45.7,26686.0,2017,11,1,2
1746,番石榴-珍珠芭,P1,60.0,29.0,台中市,400,48.8,49.1,26861.0,2017,11,2,3
1747,番石榴-珍珠芭,P1,61.6,28.6,台中市,400,51.6,49.9,30198.0,2017,11,3,4
1748,番石榴-珍珠芭,P1,60.7,27.4,台中市,400,50.9,49.1,36806.0,2017,11,4,5
1749,番石榴-珍珠芭,P1,61.7,35.7,台中市,400,52.5,53.3,24416.0,2017,11,5,6
1750,番石榴-珍珠芭,P1,59.5,30.4,台中市,400,49.1,48.3,41286.0,2017,11,7,1
1751,番石榴-珍珠芭,P1,58.4,32.7,台中市,400,48.6,47.3,37238.0,2017,11,8,2
1752,番石榴-珍珠芭,P1,57.1,30.5,台中市,400,46.9,46.0,33502.0,2017,11,9,3
1753,番石榴-珍珠芭,P1,54.4,26.9,台中市,400,44.8,43.8,35270.0,2017,11,10,4
1754,番石榴-珍珠芭,P1,54.0,28.6,台中市,400,46.2,44.7,43684.0,2017,11,11,5
1755,番石榴-珍珠芭,P1,52.3,24.7,台中市,400,41.9,39.8,34939.0,2017,11,12,6
1756,番石榴-珍珠芭,P1,52.0,31.2,台中市,400,43.7,43.8,48788.0,2017,11,14,1
1757,番石榴-珍珠芭,P1,46.2,28.5,台中市,400,37.3,35.8,39647.0,2017,11,15,2
1758,番石榴-珍珠芭,P1,46.8,28.1,台中市,400,37.5,37.2,52748.0,2017,11,16,3
1759,番石榴-珍珠芭,P1,45.8,29.8,台中市,400,38.9,37.7,37158.0,2017,11,17,4
1760,番石榴-珍珠芭,P1,47.1,28.9,台中市,400,39.3,37.9,43232.0,2017,11,18,5
1761,番石榴-珍珠芭,P1,50.8,28.0,台中市,400,38.9,38.1,39236.0,2017,11,19,6
1762,番石榴-珍珠芭,P1,42.9,24.4,台中市,400,36.6,34.4,50578.0,2017,11,21,1
1763,番石榴-珍珠芭,P1,40.6,19.6,台中市,400,33.7,30.2,44477.0,2017,11,22,2
1764,番石榴-珍珠芭,P1,40.7,19.0,台中市,400,32.9,30.6,32238.0,2017,11,23,3
1765,番石榴-珍珠芭,P1,41.0,19.4,台中市,400,31.2,30.7,33082.0,2017,11,24,4
1766,番石榴-珍珠芭,P1,38.1,20.2,台中市,400,32.0,30.3,46644.0,2017,11,25,5
1767,番石榴-珍珠芭,P1,39.7,21.3,台中市,400,31.0,30.0,38370.0,2017,11,26,6
1768,番石榴-珍珠芭,P1,36.9,20.3,台中市,400,30.1,29.0,49513.0,2017,11,28,1
1769,番石榴-珍珠芭,P1,35.4,18.0,台中市,400,29.9,27.9,46314.0,2017,11,29,2
1770,番石榴-珍珠芭,P1,36.1,17.8,台中市,400,29.4,27.9,41538.0,2017,11,30,3
1771,番石榴-珍珠芭,P1,35.1,19.6,台中市,400,29.7,28.3,46722.0,2017,12,1,4
1772,番石榴-珍珠芭,P1,34.1,17.2,台中市,400,27.5,26.2,48919.0,2017,12,2,5
1773,番石榴-珍珠芭,P1,39.4,17.5,台中市,400,28.0,27.5,40151.0,2017,12,3,6
1774,番石榴-珍珠芭,P1,34.2,17.9,台中市,400,27.3,26.2,53604.0,2017,12,5,1
1775,番石榴-珍珠芭,P1,34.5,18.2,台中市,400,27.6,26.2,43639.0,2017,12,6,2
1776,番石榴-珍珠芭,P1,32.0,16.1,台中市,400,24.8,23.9,41196.0,2017,12,7,3
1777,番石榴-珍珠芭,P1,29.6,12.1,台中市,400,23.1,21.5,37958.0,2017,12,8,4
1778,番石榴-珍珠芭,P1,30.0,13.2,台中市,400,23.1,21.9,50906.0,2017,12,9,5
1779,番石榴-珍珠芭,P1,31.9,12.7,台中市,400,23.2,21.3,30491.0,2017,12,10,6
1780,番石榴-珍珠芭,P1,33.0,13.1,台中市,400,26.2,24.1,48557.0,2017,12,12,1
1781,番石榴-珍珠芭,P1,33.6,16.6,台中市,400,26.4,25.6,45598.0,2017,12,13,2
1782,番石榴-珍珠芭,P1,35.1,15.1,台中市,400,26.5,25.5,45001.0,2017,12,14,3
1783,番石榴-珍珠芭,P1,34.2,17.6,台中市,400,28.3,26.5,50900.0,2017,12,15,4
1784,番石榴-珍珠芭,P1,36.3,18.8,台中市,400,27.6,27.0,47597.0,2017,12,16,5
1785,番石榴-珍珠芭,P1,32.9,15.6,台中市,400,26.9,24.6,40528.0,2017,12,17,6
1786,番石榴-珍珠芭,P1,34.7,18.0,台中市,400,27.7,25.4,44839.0,2017,12,19,1
1787,番石榴-珍珠芭,P1,31.3,13.6,台中市,400,24.9,23.1,39481.0,2017,12,20,2
1788,番石榴-珍珠芭,P1,33.1,16.5,台中市,400,26.6,24.6,38111.0,2017,12,21,3
1789,番石榴-珍珠芭,P1,32.4,16.3,台中市,400,25.1,24.9,38766.0,2017,12,22,4
1790,番石榴-珍珠芭,P1,31.2,16.8,台中市,400,24.7,24.0,43462.0,2017,12,23,5
1791,番石榴-珍珠芭,P1,34.7,13.9,台中市,400,24.3,23.3,43287.0,2017,12,24,6
1792,番石榴-珍珠芭,P1,31.6,13.0,台中市,400,25.0,22.5,55510.0,2017,12,26,1
1793,番石榴-珍珠芭,P1,31.6,12.5,台中市,400,23.4,21.9,43406.0,2017,12,27,2
1794,番石榴-珍珠芭,P1,28.8,8.4,台中市,400,22.3,20.4,40677.0,2017,12,28,3
1795,番石榴-珍珠芭,P1,28.5,7.4,台中市,400,21.8,19.9,49618.0,2017,12,29,4
1796,番石榴-珍珠芭,P1,28.0,8.8,台中市,400,21.7,20.1,50651.0,2017,12,30,5
1797,番石榴-珍珠芭,P1,28.2,13.2,台中市,400,21.2,21.6,43366.0,2017,12,31,6
1798,番石榴-珍珠芭,P1,31.8,15.0,台中市,400,24.2,22.5,40466.0,2018,1,2,1
1799,番石榴-珍珠芭,P1,28.8,13.2,台中市,400,21.8,20.9,43982.0,2018,1,3,2
1800,番石榴-珍珠芭,P1,27.6,9.0,台中市,400,22.1,20.1,42128.0,2018,1,4,3
1801,番石榴-珍珠芭,P1,27.5,9.4,台中市,400,20.4,19.8,42509.0,2018,1,5,4
1802,番石榴-珍珠芭,P1,29.7,11.4,台中市,400,23.0,21.0,40257.0,2018,1,6,5
1803,番石榴-珍珠芭,P1,32.8,11.2,台中市,400,22.3,21.0,42591.0,2018,1,7,6
1804,番石榴-珍珠芭,P1,26.7,8.1,台中市,400,20.7,19.3,44741.0,2018,1,9,1
1805,番石榴-珍珠芭,P1,27.9,13.8,台中市,400,21.6,21.7,17877.0,2018,1,10,2
1806,番石榴-珍珠芭,P1,29.2,14.6,台中市,400,23.3,22.6,29348.0,2018,1,11,3
1807,番石榴-珍珠芭,P1,30.4,15.0,台中市,400,22.9,22.5,38391.0,2018,1,12,4
1808,番石榴-珍珠芭,P1,31.4,14.0,台中市,400,25.5,23.4,43462.0,2018,1,13,5
1809,番石榴-珍珠芭,P1,32.6,16.1,台中市,400,25.3,24.0,39923.0,2018,1,14,6
1810,番石榴-珍珠芭,P1,34.2,15.3,台中市,400,24.9,24.2,37706.0,2018,1,16,1
1811,番石榴-珍珠芭,P1,36.1,16.5,台中市,400,28.8,26.0,31660.0,2018,1,17,2
1812,番石榴-珍珠芭,P1,36.4,13.5,台中市,400,27.6,25.3,32606.0,2018,1,18,3
1813,番石榴-珍珠芭,P1,34.6,14.3,台中市,400,28.1,25.2,34171.0,2018,1,19,4
1814,番石榴-珍珠芭,P1,38.3,15.0,台中市,400,28.5,26.6,35748.0,2018,1,20,5
1815,番石榴-珍珠芭,P1,39.9,14.4,台中市,400,26.7,25.5,33380.0,2018,1,21,6
1816,番石榴-珍珠芭,P1,35.3,16.6,台中市,400,27.9,26.0,35676.0,2018,1,23,1
1817,番石榴-珍珠芭,P1,36.5,11.0,台中市,400,27.5,24.5,33466.0,2018,1,24,2
1818,番石榴-珍珠芭,P1,35.7,11.0,台中市,400,26.6,23.6,39371.0,2018,1,25,3
1819,番石榴-珍珠芭,P1,34.9,9.7,台中市,400,26.1,23.7,37839.0,2018,1,26,4
1820,番石榴-珍珠芭,P1,32.3,9.5,台中市,400,25.2,21.1,44620.0,2018,1,27,5
1821,番石榴-珍珠芭,P1,30.3,8.3,台中市,400,23.3,19.4,31531.0,2018,1,28,6
1822,番石榴-珍珠芭,P1,31.7,9.0,台中市,400,23.4,20.3,36150.0,2018,1,30,1
1823,番石榴-珍珠芭,P1,33.0,13.5,台中市,400,25.0,23.9,24416.0,2018,1,31,2
1824,番石榴-珍珠芭,P1,31.8,10.9,台中市,400,22.6,21.0,26176.0,2018,2,1,3
1825,番石榴-珍珠芭,P1,30.9,12.0,台中市,400,23.9,21.5,19181.0,2018,2,2,4
1826,番石榴-珍珠芭,P1,38.9,12.0,台中市,400,23.4,23.0,38789.0,2018,2,3,5
1827,番石榴-珍珠芭,P1,30.8,11.6,台中市,400,21.0,19.0,28055.0,2018,2,4,6
1828,番石榴-珍珠芭,P1,30.7,12.7,台中市,400,21.9,21.5,26248.0,2018,2,6,1
1829,番石榴-珍珠芭,P1,31.9,12.7,台中市,400,23.9,22.8,24701.0,2018,2,7,2
1830,番石榴-珍珠芭,P1,30.9,10.8,台中市,400,23.7,21.6,22584.0,2018,2,8,3
1831,番石榴-珍珠芭,P1,31.1,14.3,台中市,400,24.2,21.8,22118.0,2018,2,9,4
1832,番石榴-珍珠芭,P1,31.4,15.2,台中市,400,23.7,22.4,32902.0,2018,2,10,5
1833,番石榴-珍珠芭,P1,32.7,14.5,台中市,400,23.2,21.9,31704.0,2018,2,11,6
1834,番石榴-珍珠芭,P1,32.3,16.7,台中市,400,25.4,21.7,9045.0,2018,2,12,0
1835,番石榴-珍珠芭,P1,34.2,14.8,台中市,400,24.6,23.3,46270.0,2018,2,13,1
1836,番石榴-珍珠芭,P1,31.2,11.2,台中市,400,22.7,20.5,44043.0,2018,2,14,2
1837,番石榴-珍珠芭,P1,32.8,10.9,台中市,400,22.1,21.0,20706.0,2018,2,15,3
1838,番石榴-珍珠芭,P1,29.3,10.3,台中市,400,21.0,21.4,55342.0,2018,2,21,2
1839,番石榴-珍珠芭,P1,25.8,5.0,台中市,400,17.7,14.9,50787.0,2018,2,22,3
1840,番石榴-珍珠芭,P1,27.7,3.1,台中市,400,17.0,13.4,50808.0,2018,2,23,4
1841,番石榴-珍珠芭,P1,25.4,7.6,台中市,400,17.7,16.6,85558.0,2018,2,27,1
1842,番石榴-珍珠芭,P1,25.9,9.1,台中市,400,17.6,16.6,41634.0,2018,2,28,2
1843,番石榴-珍珠芭,P1,25.9,8.6,台中市,400,17.2,17.1,47187.0,2018,3,1,3
1844,番石榴-珍珠芭,P1,23.5,8.3,台中市,400,16.7,16.4,41785.0,2018,3,2,4
1845,番石榴-珍珠芭,P1,31.0,9.3,台中市,400,19.7,18.9,32666.0,2018,3,3,5
1846,番石榴-珍珠芭,P1,26.2,6.4,台中市,400,19.6,17.6,16976.0,2018,3,4,6
1847,番石榴-珍珠芭,P1,25.0,8.5,台中市,400,17.5,15.8,58623.0,2018,3,8,3
1848,番石榴-珍珠芭,P1,26.1,6.9,台中市,400,17.3,15.8,40789.0,2018,3,9,4
1849,番石榴-珍珠芭,P1,27.4,9.7,台中市,400,20.7,19.2,32563.0,2018,3,10,5
1850,番石榴-珍珠芭,P1,30.9,9.4,台中市,400,21.9,20.2,33561.0,2018,3,11,6
1851,番石榴-珍珠芭,P1,33.6,13.7,台中市,400,25.6,23.7,36742.0,2018,3,13,1
1852,番石榴-珍珠芭,P1,35.1,15.1,台中市,400,27.6,25.8,33740.0,2018,3,14,2
1853,番石榴-珍珠芭,P1,35.4,13.3,台中市,400,27.3,25.2,35198.0,2018,3,15,3
1854,番石榴-珍珠芭,P1,37.1,14.4,台中市,400,29.2,26.4,31104.0,2018,3,16,4
1855,番石榴-珍珠芭,P1,36.2,13.9,台中市,400,28.8,26.3,33809.0,2018,3,17,5
1856,番石榴-珍珠芭,P1,34.9,11.8,台中市,400,26.9,22.8,20345.0,2018,3,18,6
1857,番石榴-珍珠芭,P1,36.0,16.4,台中市,400,29.0,27.4,36150.0,2018,3,20,1
1858,番石榴-珍珠芭,P1,36.2,14.4,台中市,400,28.0,26.2,25488.0,2018,3,21,2
1859,番石榴-珍珠芭,P1,37.0,14.7,台中市,400,30.4,28.5,29980.0,2018,3,22,3
1860,番石榴-珍珠芭,P1,39.7,18.4,台中市,400,31.7,29.4,40760.0,2018,3,23,4
1861,番石榴-珍珠芭,P1,41.7,19.4,台中市,400,31.0,30.7,37156.0,2018,3,24,5
1862,番石榴-珍珠芭,P1,40.2,17.8,台中市,400,30.4,28.6,21779.0,2018,3,25,6
1863,番石榴-珍珠芭,P1,40.4,17.6,台中市,400,30.7,28.6,32729.0,2018,3,27,1
1864,番石榴-珍珠芭,P1,41.2,16.6,台中市,400,31.8,27.5,30229.0,2018,3,28,2
1865,番石榴-珍珠芭,P1,37.6,11.6,台中市,400,30.1,26.2,26121.0,2018,3,29,3
1866,番石榴-珍珠芭,P1,39.6,14.2,台中市,400,31.4,27.9,25788.0,2018,3,30,4
1867,番石榴-珍珠芭,P1,40.1,15.3,台中市,400,30.2,27.9,32452.0,2018,3,31,5
1868,番石榴-珍珠芭,P1,41.6,19.1,台中市,400,31.9,30.7,17834.0,2018,4,1,6
1869,番石榴-珍珠芭,P1,39.9,14.8,台中市,400,32.1,29.1,44118.0,2018,4,3,1
1870,番石榴-珍珠芭,P1,40.4,17.9,台中市,400,32.4,29.2,34193.0,2018,4,4,2
1871,番石榴-珍珠芭,P1,41.9,17.9,台中市,400,32.8,30.9,31809.0,2018,4,7,5
1872,番石榴-珍珠芭,P1,39.5,15.4,台中市,400,30.1,29.9,23400.0,2018,4,8,6
1873,番石榴-珍珠芭,P1,41.9,14.5,台中市,400,34.4,29.8,37093.0,2018,4,10,1
1874,番石榴-珍珠芭,P1,40.0,13.4,台中市,400,31.1,28.2,31376.0,2018,4,11,2
1875,番石榴-珍珠芭,P1,40.5,15.9,台中市,400,31.3,30.3,25454.0,2018,4,12,3
1876,番石榴-珍珠芭,P1,40.9,16.0,台中市,400,31.8,31.0,32583.0,2018,4,13,4
1877,番石榴-珍珠芭,P1,42.6,15.8,台中市,400,33.0,31.5,30405.0,2018,4,14,5
1878,番石榴-珍珠芭,P1,43.4,20.2,台中市,400,34.7,33.9,15997.0,2018,4,15,6
1879,番石榴-珍珠芭,P1,42.3,13.5,台中市,400,33.6,31.7,34509.0,2018,4,17,1
1880,番石榴-珍珠芭,P1,47.1,18.4,台中市,400,36.6,35.0,15018.0,2018,4,18,2
1881,番石榴-珍珠芭,P1,46.7,12.3,台中市,400,36.2,31.2,21623.0,2018,4,19,3
1882,番石榴-珍珠芭,P1,48.5,19.0,台中市,400,39.2,37.5,21205.0,2018,4,20,4
1883,番石榴-珍珠芭,P1,50.0,19.4,台中市,400,38.8,37.0,37213.0,2018,4,21,5
1884,番石榴-珍珠芭,P1,53.6,22.2,台中市,400,40.0,39.6,13458.0,2018,4,22,6
1885,番石榴-珍珠芭,P1,49.7,15.9,台中市,400,40.1,37.6,35334.0,2018,4,24,1
1886,番石榴-珍珠芭,P1,51.8,17.8,台中市,400,40.3,40.6,17561.0,2018,4,25,2
1887,番石榴-珍珠芭,P1,48.7,22.8,台中市,400,40.2,40.8,23961.0,2018,4,26,3
1888,番石榴-珍珠芭,P1,46.2,20.0,台中市,400,40.0,39.8,13643.0,2018,4,27,4
1889,番石榴-珍珠芭,P1,52.6,23.2,台中市,400,41.7,40.1,28186.0,2018,4,28,5
1890,番石榴-珍珠芭,P1,58.0,26.8,台中市,400,44.0,44.9,12029.0,2018,4,29,6
1891,番石榴-珍珠芭,P1,56.2,25.0,台中市,400,43.2,43.4,22044.0,2018,5,1,1
1892,番石榴-珍珠芭,P1,56.1,19.4,台中市,400,41.4,39.8,12234.0,2018,5,2,2
1893,番石榴-珍珠芭,P1,55.4,28.1,台中市,400,43.2,44.4,17110.0,2018,5,3,3
1894,番石榴-珍珠芭,P1,54.5,22.5,台中市,400,42.7,43.4,12811.0,2018,5,4,4
1895,番石榴-珍珠芭,P1,54.9,21.4,台中市,400,40.6,40.5,31848.0,2018,5,5,5
1896,番石榴-珍珠芭,P1,52.8,23.2,台中市,400,41.2,41.1,11415.0,2018,5,6,6
1897,番石榴-珍珠芭,P1,44.7,18.0,台中市,400,33.2,33.8,27421.0,2018,5,8,1
1898,番石榴-珍珠芭,P1,50.5,22.7,台中市,400,39.2,37.9,16561.0,2018,5,9,2
1899,番石榴-珍珠芭,P1,48.5,27.3,台中市,400,40.7,41.3,13179.0,2018,5,10,3
1900,番石榴-珍珠芭,P1,49.2,28.5,台中市,400,41.0,38.6,14924.0,2018,5,11,4
1901,番石榴-珍珠芭,P1,46.2,20.0,台中市,400,35.9,34.6,27222.0,2018,5,12,5
1902,番石榴-珍珠芭,P1,46.0,14.2,台中市,400,36.4,31.1,16398.0,2018,5,13,6
1903,番石榴-珍珠芭,P1,39.8,15.7,台中市,400,31.2,28.1,35511.0,2018,5,15,1
1904,番石榴-珍珠芭,P1,36.3,16.1,台中市,400,29.5,27.6,17686.0,2018,5,16,2
1905,番石榴-珍珠芭,P1,32.4,12.9,台中市,400,25.5,25.4,21216.0,2018,5,17,3
1906,番石榴-珍珠芭,P1,32.8,12.6,台中市,400,26.1,24.4,21626.0,2018,5,18,4
1907,番石榴-珍珠芭,P1,32.7,9.5,台中市,400,25.4,23.9,32838.0,2018,5,19,5
1908,番石榴-珍珠芭,P1,32.3,7.4,台中市,400,24.4,22.3,21386.0,2018,5,20,6
1909,番石榴-珍珠芭,P1,28.5,9.0,台中市,400,22.0,21.0,29127.0,2018,5,22,1
1910,番石榴-珍珠芭,P1,27.0,9.1,台中市,400,20.8,19.9,24164.0,2018,5,23,2
1911,番石榴-珍珠芭,P1,27.3,10.9,台中市,400,20.8,21.7,26770.0,2018,5,24,3
1912,番石榴-珍珠芭,P1,26.1,9.3,台中市,400,20.0,19.8,25399.0,2018,5,25,4
1913,番石榴-珍珠芭,P1,28.6,14.4,台中市,400,22.4,22.3,20852.0,2018,5,27,6
1914,番石榴-珍珠芭,P1,27.5,10.5,台中市,400,21.5,22.0,37489.0,2018,5,29,1
1915,番石榴-珍珠芭,P1,28.8,11.7,台中市,400,23.9,22.9,16763.0,2018,5,30,2
1916,番石榴-珍珠芭,P1,29.1,14.3,台中市,400,23.4,22.7,12198.0,2018,5,31,3
1917,番石榴-珍珠芭,P1,31.1,18.1,台中市,400,24.7,25.3,19485.0,2018,6,1,4
1918,番石榴-珍珠芭,P1,34.2,18.9,台中市,400,28.4,28.3,23729.0,2018,6,2,5
1919,番石榴-珍珠芭,P1,37.2,17.4,台中市,400,31.1,32.4,16500.0,2018,6,3,6
1920,番石榴-珍珠芭,P1,36.4,19.4,台中市,400,31.3,31.8,24860.0,2018,6,5,1
1921,番石榴-珍珠芭,P1,37.1,17.2,台中市,400,30.0,29.1,24132.0,2018,6,6,2
1922,番石榴-珍珠芭,P1,34.6,17.4,台中市,400,29.7,27.9,18296.0,2018,6,7,3
1923,番石榴-珍珠芭,P1,35.7,12.1,台中市,400,29.8,29.0,20926.0,2018,6,8,4
1924,番石榴-珍珠芭,P1,36.1,20.1,台中市,400,31.3,31.6,22635.0,2018,6,9,5
1925,番石榴-珍珠芭,P1,36.5,10.8,台中市,400,30.7,29.7,15745.0,2018,6,10,6
1926,番石榴-珍珠芭,P1,36.7,18.3,台中市,400,30.9,30.0,31769.0,2018,6,12,1
1927,番石榴-珍珠芭,P1,34.1,18.3,台中市,400,27.3,27.2,29208.0,2018,6,13,2
1928,番石榴-珍珠芭,P1,31.1,15.2,台中市,400,25.7,23.2,25077.0,2018,6,14,3
1929,番石榴-珍珠芭,P1,30.8,13.4,台中市,400,23.8,22.6,22875.0,2018,6,15,4
1930,番石榴-珍珠芭,P1,36.1,17.4,台中市,400,28.7,27.8,23865.0,2018,6,16,5
1931,番石榴-珍珠芭,P1,34.4,11.5,台中市,400,28.0,26.0,24983.0,2018,6,17,6
1932,番石榴-珍珠芭,P1,26.3,6.6,台中市,400,19.8,18.0,12075.0,2018,6,18,0
1933,番石榴-珍珠芭,P1,31.2,14.8,台中市,400,24.9,23.7,26164.0,2018,6,21,3
1934,番石榴-珍珠芭,P1,27.8,9.7,台中市,400,21.0,19.3,31158.0,2018,6,22,4
1935,番石榴-珍珠芭,P1,24.0,9.8,台中市,400,17.1,16.6,35754.0,2018,6,23,5
1936,番石榴-珍珠芭,P1,21.8,8.5,台中市,400,15.5,14.2,26873.0,2018,6,24,6
1937,番石榴-珍珠芭,P1,20.0,7.3,台中市,400,14.6,13.0,48852.0,2018,6,26,1
1938,番石榴-珍珠芭,P1,22.2,6.7,台中市,400,16.4,13.7,28184.0,2018,6,27,2
1939,番石榴-珍珠芭,P1,22.4,9.1,台中市,400,15.5,14.3,35092.0,2018,6,28,3
1940,番石榴-珍珠芭,P1,22.9,8.2,台中市,400,17.0,14.7,21672.0,2018,6,29,4
1941,番石榴-珍珠芭,P1,22.6,7.2,台中市,400,17.3,14.9,40382.0,2018,6,30,5
1942,番石榴-珍珠芭,P1,23.5,6.8,台中市,400,15.9,14.3,13414.0,2018,7,1,6
1943,番石榴-珍珠芭,P1,30.4,10.8,台中市,400,22.9,22.3,24552.0,2018,7,3,1
1944,番石榴-珍珠芭,P1,27.6,9.8,台中市,400,18.4,18.2,19448.0,2018,7,4,2
1945,番石榴-珍珠芭,P1,23.7,9.0,台中市,400,16.8,15.5,31241.0,2018,7,5,3
1946,番石榴-珍珠芭,P1,22.0,9.6,台中市,400,16.1,15.2,29919.0,2018,7,6,4
1947,番石榴-珍珠芭,P1,20.8,9.4,台中市,400,15.7,13.8,42950.0,2018,7,7,5
1948,番石榴-珍珠芭,P1,22.0,7.9,台中市,400,15.6,12.8,21561.0,2018,7,8,6
1949,番石榴-珍珠芭,P1,21.2,9.0,台中市,400,16.6,14.9,58691.0,2018,7,10,1
1950,番石榴-珍珠芭,P1,21.8,8.2,台中市,400,15.6,14.4,28260.0,2018,7,11,2
1951,番石榴-珍珠芭,P1,26.2,8.1,台中市,400,19.3,17.6,36575.0,2018,7,12,3
1952,番石榴-珍珠芭,P1,25.8,8.1,台中市,400,19.7,18.4,31343.0,2018,7,13,4
1953,番石榴-珍珠芭,P1,25.9,7.9,台中市,400,20.4,19.3,44694.0,2018,7,14,5
1954,番石榴-珍珠芭,P1,24.8,7.2,台中市,400,19.0,15.4,22646.0,2018,7,15,6
1955,番石榴-珍珠芭,P1,22.3,7.6,台中市,400,16.3,14.6,65860.0,2018,7,17,1
1956,番石榴-珍珠芭,P1,19.1,6.2,台中市,400,14.5,12.8,40310.0,2018,7,18,2
1957,番石榴-珍珠芭,P1,19.8,7.1,台中市,400,13.9,12.2,45791.0,2018,7,19,3
1958,番石榴-珍珠芭,P1,19.6,6.0,台中市,400,13.8,12.2,30739.0,2018,7,20,4
1959,番石榴-珍珠芭,P1,20.2,7.3,台中市,400,15.1,13.0,52432.0,2018,7,21,5
1960,番石榴-珍珠芭,P1,21.8,5.9,台中市,400,14.8,12.8,26485.0,2018,7,22,6
1961,番石榴-珍珠芭,P1,20.2,6.9,台中市,400,13.6,12.2,65931.0,2018,7,24,1
1962,番石榴-珍珠芭,P1,17.8,7.0,台中市,400,13.3,11.8,40052.0,2018,7,25,2
1963,番石榴-珍珠芭,P1,19.4,6.6,台中市,400,13.9,12.3,47078.0,2018,7,26,3
1964,番石榴-珍珠芭,P1,20.5,5.8,台中市,400,13.5,11.7,34349.0,2018,7,27,4
1965,番石榴-珍珠芭,P1,20.2,6.4,台中市,400,13.4,11.9,51654.0,2018,7,28,5
1966,番石榴-珍珠芭,P1,21.9,5.7,台中市,400,13.1,11.7,26990.0,2018,7,29,6
1967,番石榴-珍珠芭,P1,20.8,7.6,台中市,400,13.5,12.7,61682.0,2018,7,31,1
1968,番石榴-珍珠芭,P1,20.2,7.4,台中市,400,13.5,12.6,45409.0,2018,8,1,2
1969,番石榴-珍珠芭,P1,18.6,8.0,台中市,400,13.0,12.5,59054.0,2018,8,2,3
1970,番石榴-珍珠芭,P1,19.1,8.0,台中市,400,13.5,12.6,41897.0,2018,8,3,4
1971,番石榴-珍珠芭,P1,23.0,8.6,台中市,400,13.7,13.2,47705.0,2018,8,4,5
1972,番石榴-珍珠芭,P1,22.4,7.9,台中市,400,15.5,13.9,34300.0,2018,8,5,6
1973,番石榴-珍珠芭,P1,20.0,7.6,台中市,400,14.0,12.8,51095.0,2018,8,7,1
1974,番石榴-珍珠芭,P1,19.0,6.1,台中市,400,13.8,12.4,48507.0,2018,8,8,2
1975,番石榴-珍珠芭,P1,19.9,7.7,台中市,400,13.7,12.6,51965.0,2018,8,9,3
1976,番石榴-珍珠芭,P1,19.1,5.1,台中市,400,12.9,11.9,48750.0,2018,8,10,4
1977,番石榴-珍珠芭,P1,19.7,6.6,台中市,400,13.2,12.3,50020.0,2018,8,11,5
1978,番石榴-珍珠芭,P1,19.0,6.7,台中市,400,13.4,11.9,34646.0,2018,8,12,6
1979,番石榴-珍珠芭,P1,22.8,7.5,台中市,400,15.7,14.8,44393.0,2018,8,14,1
1980,番石榴-珍珠芭,P1,19.8,8.2,台中市,400,14.1,12.9,40775.0,2018,8,15,2
1981,番石榴-珍珠芭,P1,20.1,6.0,台中市,400,13.6,12.0,41840.0,2018,8,16,3
1982,番石榴-珍珠芭,P1,20.4,6.5,台中市,400,13.5,12.4,48909.0,2018,8,17,4
1983,番石榴-珍珠芭,P1,19.8,6.4,台中市,400,13.9,12.4,47232.0,2018,8,18,5
1984,番石榴-珍珠芭,P1,20.0,3.7,台中市,400,13.3,11.6,42856.0,2018,8,19,6
1985,番石榴-珍珠芭,P1,20.2,7.8,台中市,400,13.9,12.8,41763.0,2018,8,21,1
1986,番石榴-珍珠芭,P1,20.0,7.0,台中市,400,13.5,12.4,35745.0,2018,8,22,2
1987,番石榴-珍珠芭,P1,18.4,4.7,台中市,400,12.8,11.3,42789.0,2018,8,23,3
1988,番石榴-珍珠芭,P1,18.9,5.0,台中市,400,12.9,11.5,38900.0,2018,8,24,4
1989,番石榴-珍珠芭,P1,22.5,5.5,台中市,400,13.4,12.4,24618.0,2018,8,25,5
1990,番石榴-珍珠芭,P1,23.3,7.6,台中市,400,14.4,13.1,37545.0,2018,8,28,1
1991,番石榴-珍珠芭,P1,23.0,7.7,台中市,400,14.1,13.4,40368.0,2018,8,29,2
1992,番石榴-珍珠芭,P1,23.3,7.2,台中市,400,14.5,13.2,40750.0,2018,8,30,3
1993,番石榴-珍珠芭,P1,21.3,6.6,台中市,400,14.0,13.1,49051.0,2018,8,31,4
1994,番石榴-珍珠芭,P1,22.3,5.2,台中市,400,13.5,12.4,45749.0,2018,9,1,5
1995,番石榴-珍珠芭,P1,23.5,7.1,台中市,400,14.0,13.0,39119.0,2018,9,2,6
1996,番石榴-珍珠芭,P1,25.5,8.8,台中市,400,16.6,15.6,52377.0,2018,9,4,1
1997,番石榴-珍珠芭,P1,26.1,6.7,台中市,400,18.6,16.6,43380.0,2018,9,5,2
1998,番石榴-珍珠芭,P1,26.1,7.8,台中市,400,18.3,17.5,38894.0,2018,9,6,3
1999,番石榴-珍珠芭,P1,28.4,8.3,台中市,400,18.4,18.2,35764.0,2018,9,7,4
2000,番石榴-珍珠芭,P1,29.0,9.2,台中市,400,20.3,19.3,42679.0,2018,9,8,5
2001,番石榴-珍珠芭,P1,31.2,8.8,台中市,400,21.7,20.7,32269.0,2018,9,9,6
2002,番石榴-珍珠芭,P1,31.5,9.0,台中市,400,21.5,20.9,46467.0,2018,9,11,1
2003,番石榴-珍珠芭,P1,33.4,8.6,台中市,400,21.7,20.7,40499.0,2018,9,12,2
2004,番石榴-珍珠芭,P1,31.3,6.0,台中市,400,20.6,18.8,38050.0,2018,9,13,3
2005,番石榴-珍珠芭,P1,33.4,8.6,台中市,400,21.7,21.0,36462.0,2018,9,14,4
2006,番石榴-珍珠芭,P1,27.5,8.8,台中市,400,18.6,17.9,43523.0,2018,9,15,5
2007,番石榴-珍珠芭,P1,32.1,9.1,台中市,400,22.3,21.9,29925.0,2018,9,16,6
2008,番石榴-珍珠芭,P1,33.2,6.8,台中市,400,23.7,22.6,37859.0,2018,9,18,1
2009,番石榴-珍珠芭,P1,31.6,8.1,台中市,400,23.0,21.9,30790.0,2018,9,19,2
2010,番石榴-珍珠芭,P1,34.4,9.5,台中市,400,22.4,23.6,30734.0,2018,9,20,3
2011,番石榴-珍珠芭,P1,35.2,8.8,台中市,400,23.2,22.0,32937.0,2018,9,21,4
2012,番石榴-珍珠芭,P1,31.5,7.8,台中市,400,22.7,22.5,35921.0,2018,9,22,5
2013,番石榴-珍珠芭,P1,38.3,12.7,台中市,400,27.8,27.0,28654.0,2018,9,23,6
2014,番石榴-珍珠芭,P1,34.0,7.6,台中市,400,27.6,24.2,8870.0,2018,9,24,0
2015,番石榴-珍珠芭,P1,37.3,9.0,台中市,400,26.1,24.8,33745.0,2018,9,27,3
2016,番石榴-珍珠芭,P1,33.3,10.6,台中市,400,23.5,23.7,35741.0,2018,9,28,4
2017,番石榴-珍珠芭,P1,34.4,12.0,台中市,400,26.1,25.6,47825.0,2018,9,29,5
2018,番石榴-珍珠芭,P1,38.4,14.0,台中市,400,26.7,25.9,32136.0,2018,9,30,6
2019,番石榴-珍珠芭,P1,42.7,15.6,台中市,400,32.7,31.8,36464.0,2018,10,2,1
2020,番石榴-珍珠芭,P1,41.2,17.3,台中市,400,31.6,31.3,33712.0,2018,10,3,2
2021,番石榴-珍珠芭,P1,41.9,17.8,台中市,400,33.5,33.4,26984.0,2018,10,4,3
2022,番石榴-珍珠芭,P1,45.6,21.4,台中市,400,34.5,34.5,26682.0,2018,10,5,4
2023,番石榴-珍珠芭,P1,47.9,24.0,台中市,400,36.7,35.6,29455.0,2018,10,6,5
2024,番石榴-珍珠芭,P1,49.6,22.4,台中市,400,38.2,38.0,29357.0,2018,10,7,6
2025,番石榴-珍珠芭,P1,50.8,24.4,台中市,400,41.5,40.2,30912.0,2018,10,9,1
2026,番石榴-珍珠芭,P1,55.7,25.7,台中市,400,42.2,44.0,25298.0,2018,10,10,2
2027,番石榴-珍珠芭,P1,51.0,15.2,台中市,400,41.9,38.4,29687.0,2018,10,11,3
2028,番石榴-珍珠芭,P1,51.4,22.0,台中市,400,40.6,39.6,27393.0,2018,10,12,4
2029,番石榴-珍珠芭,P1,53.6,27.4,台中市,400,43.5,41.2,36624.0,2018,10,13,5
2030,番石榴-珍珠芭,P1,54.5,24.0,台中市,400,43.8,41.6,27644.0,2018,10,14,6
2031,番石榴-珍珠芭,P1,56.6,23.2,台中市,400,44.4,43.2,37471.0,2018,10,16,1
2032,番石榴-珍珠芭,P1,57.9,22.6,台中市,400,43.2,44.8,29924.0,2018,10,17,2
2033,番石榴-珍珠芭,P1,55.5,24.5,台中市,400,45.2,46.2,21975.0,2018,10,18,3
2034,番石榴-珍珠芭,P1,55.0,23.8,台中市,400,43.6,42.4,30151.0,2018,10,19,4
2035,番石榴-珍珠芭,P1,54.3,24.3,台中市,400,44.5,43.2,38321.0,2018,10,20,5
2036,番石榴-珍珠芭,P1,55.7,23.8,台中市,400,44.7,43.3,30241.0,2018,10,21,6
2037,番石榴-珍珠芭,P1,56.1,28.1,台中市,400,45.4,44.1,36475.0,2018,10,23,1
2038,番石榴-珍珠芭,P1,56.9,27.5,台中市,400,45.2,46.2,27678.0,2018,10,24,2
2039,番石榴-珍珠芭,P1,53.6,26.1,台中市,400,43.6,41.7,31001.0,2018,10,25,3
2040,番石榴-珍珠芭,P1,56.1,25.8,台中市,400,45.4,43.4,30580.0,2018,10,26,4
2041,番石榴-珍珠芭,P1,56.7,25.2,台中市,400,45.0,42.1,37512.0,2018,10,27,5
2042,番石榴-珍珠芭,P1,55.0,20.5,台中市,400,44.5,41.2,30328.0,2018,10,28,6
2043,番石榴-珍珠芭,P1,53.5,25.9,台中市,400,45.9,43.8,40477.0,2018,10,30,1
2044,番石榴-珍珠芭,P1,51.4,23.4,台中市,400,43.7,40.9,38053.0,2018,10,31,2
2045,番石榴-珍珠芭,P1,50.4,22.4,台中市,400,42.5,39.3,36129.0,2018,11,1,3
2046,番石榴-珍珠芭,P1,50.7,21.4,台中市,400,41.1,39.5,26230.0,2018,11,2,4
2047,番石榴-珍珠芭,P1,52.1,14.8,台中市,400,43.1,38.0,37886.0,2018,11,3,5
2048,番石榴-珍珠芭,P1,51.4,22.1,台中市,400,42.9,41.5,33694.0,2018,11,4,6
2049,番石榴-珍珠芭,P1,53.6,25.9,台中市,400,44.1,41.5,40224.0,2018,11,6,1
2050,番石榴-珍珠芭,P1,50.6,25.7,台中市,400,42.4,39.6,24929.0,2018,11,7,2
2051,番石榴-珍珠芭,P1,51.5,26.8,台中市,400,42.0,39.4,32364.0,2018,11,8,3
2052,番石榴-珍珠芭,P1,52.4,26.5,台中市,400,44.0,41.9,28305.0,2018,11,9,4
2053,番石榴-珍珠芭,P1,54.4,27.2,台中市,400,43.2,41.5,38988.0,2018,11,10,5
2054,番石榴-珍珠芭,P1,52.0,29.4,台中市,400,44.3,43.7,29981.0,2018,11,11,6
2055,番石榴-珍珠芭,P1,53.0,28.4,台中市,400,43.4,42.1,37797.0,2018,11,13,1
2056,番石榴-珍珠芭,P1,51.5,24.5,台中市,400,41.5,38.3,31295.0,2018,11,14,2
2057,番石榴-珍珠芭,P1,52.0,18.7,台中市,400,41.3,39.4,31290.0,2018,11,15,3
2058,番石榴-珍珠芭,P1,51.9,20.9,台中市,400,40.5,39.9,29142.0,2018,11,16,4
2059,番石榴-珍珠芭,P1,52.0,21.0,台中市,400,39.6,37.5,31339.0,2018,11,17,5
2060,番石榴-珍珠芭,P1,52.4,24.1,台中市,400,41.9,41.1,24970.0,2018,11,18,6
2061,番石榴-珍珠芭,P1,51.2,27.2,台中市,400,42.9,43.2,31135.0,2018,11,20,1
2062,番石榴-珍珠芭,P1,54.8,23.4,台中市,400,42.1,41.0,25943.0,2018,11,21,2
2063,番石榴-珍珠芭,P1,54.5,23.2,台中市,400,42.5,40.6,26664.0,2018,11,22,3
2064,番石榴-珍珠芭,P1,53.5,25.2,台中市,400,42.1,42.6,22943.0,2018,11,23,4
2065,番石榴-珍珠芭,P1,51.5,26.2,台中市,400,43.5,42.4,29852.0,2018,11,24,5
2066,番石榴-珍珠芭,P1,52.8,25.3,台中市,400,40.9,40.1,26727.0,2018,11,27,1
2067,番石榴-珍珠芭,P1,50.9,27.6,台中市,400,41.7,42.0,26873.0,2018,11,28,2
2068,番石榴-珍珠芭,P1,51.9,27.8,台中市,400,42.7,41.2,22644.0,2018,11,29,3
2069,番石榴-珍珠芭,P1,54.4,27.0,台中市,400,42.7,42.8,26992.0,2018,11,30,4
2070,番石榴-珍珠芭,P1,57.4,28.0,台中市,400,45.9,44.4,30887.0,2018,12,1,5
2071,番石榴-珍珠芭,P1,53.9,29.7,台中市,400,43.5,42.5,25873.0,2018,12,2,6
2072,番石榴-珍珠芭,P1,56.8,27.2,台中市,400,43.0,43.3,28891.0,2018,12,4,1
2073,番石榴-珍珠芭,P1,53.7,29.2,台中市,400,43.8,44.3,24171.0,2018,12,5,2
2074,番石榴-珍珠芭,P1,55.7,27.6,台中市,400,44.3,41.8,28290.0,2018,12,6,3
2075,番石榴-珍珠芭,P1,52.5,28.8,台中市,400,42.9,41.4,28381.0,2018,12,7,4
2076,番石榴-珍珠芭,P1,56.0,28.4,台中市,400,45.5,42.8,28746.0,2018,12,8,5
2077,番石榴-珍珠芭,P1,52.4,22.6,台中市,400,41.1,40.2,22774.0,2018,12,9,6
2078,番石榴-珍珠芭,P1,53.0,28.7,台中市,400,43.3,42.4,29590.0,2018,12,11,1
2079,番石榴-珍珠芭,P1,52.5,24.4,台中市,400,42.9,40.8,24539.0,2018,12,12,2
2080,番石榴-珍珠芭,P1,49.7,25.5,台中市,400,40.6,38.2,26110.0,2018,12,13,3
2081,番石榴-珍珠芭,P1,48.0,23.0,台中市,400,39.1,37.6,22701.0,2018,12,14,4
2082,番石榴-珍珠芭,P1,46.0,21.4,台中市,400,35.9,34.5,34512.0,2018,12,15,5
2083,番石榴-珍珠芭,P1,44.7,20.4,台中市,400,35.0,33.4,24220.0,2018,12,16,6
2084,番石榴-珍珠芭,P1,44.8,24.4,台中市,400,36.0,34.9,32478.0,2018,12,18,1
2085,番石榴-珍珠芭,P1,41.6,24.0,台中市,400,34.7,34.1,24511.0,2018,12,19,2
2086,番石榴-珍珠芭,P1,41.8,20.8,台中市,400,32.1,30.5,31574.0,2018,12,20,3
2087,番石榴-珍珠芭,P1,42.5,20.8,台中市,400,33.7,31.1,30518.0,2018,12,21,4
2088,番石榴-珍珠芭,P1,40.5,19.6,台中市,400,32.6,30.2,39625.0,2018,12,22,5
2089,番石榴-珍珠芭,P1,39.4,17.2,台中市,400,30.1,27.0,22991.0,2018,12,23,6
2090,番石榴-珍珠芭,P1,38.7,15.6,台中市,400,30.5,28.0,39169.0,2018,12,25,1
2091,番石榴-珍珠芭,P1,38.9,17.4,台中市,400,29.7,28.6,25151.0,2018,12,26,2
2092,番石榴-珍珠芭,P1,35.4,11.7,台中市,400,26.6,24.0,35136.0,2018,12,27,3
2093,番石榴-珍珠芭,P1,32.0,15.8,台中市,400,25.8,23.8,33286.0,2018,12,28,4
2094,番石榴-珍珠芭,P1,32.6,9.8,台中市,400,24.6,22.0,42511.0,2018,12,29,5
2095,番石榴-珍珠芭,P1,34.7,14.7,台中市,400,25.3,25.0,43793.0,2019,1,1,1
2096,番石榴-珍珠芭,P1,37.9,17.6,台中市,400,27.0,27.6,22171.0,2019,1,2,2
2097,番石榴-珍珠芭,P1,33.3,16.2,台中市,400,26.4,25.0,31630.0,2019,1,3,3
2098,番石榴-珍珠芭,P1,33.1,15.7,台中市,400,26.0,23.8,25034.0,2019,1,4,4
2099,番石榴-珍珠芭,P1,33.0,15.2,台中市,400,25.4,24.0,43922.0,2019,1,5,5
2100,番石榴-珍珠芭,P1,33.3,14.6,台中市,400,27.5,24.2,37795.0,2019,1,6,6
2101,番石榴-珍珠芭,P1,35.9,16.8,台中市,400,27.5,25.9,45531.0,2019,1,8,1
2102,番石榴-珍珠芭,P1,33.8,15.8,台中市,400,26.3,24.3,35087.0,2019,1,9,2
2103,番石榴-珍珠芭,P1,34.1,15.5,台中市,400,24.8,23.2,36101.0,2019,1,10,3
2104,番石榴-珍珠芭,P1,32.4,14.1,台中市,400,25.6,23.3,38030.0,2019,1,11,4
2105,番石榴-珍珠芭,P1,31.6,8.8,台中市,400,24.1,21.3,39306.0,2019,1,12,5
2106,番石榴-珍珠芭,P1,31.5,7.4,台中市,400,24.4,20.8,39963.0,2019,1,13,6
2107,番石榴-珍珠芭,P1,35.2,10.6,台中市,400,24.7,24.9,38948.0,2019,1,15,1
2108,番石榴-珍珠芭,P1,32.3,11.4,台中市,400,25.0,24.7,33054.0,2019,1,16,2
2109,番石榴-珍珠芭,P1,35.2,10.1,台中市,400,24.3,24.2,25815.0,2019,1,17,3
2110,番石榴-珍珠芭,P1,30.9,12.3,台中市,400,25.3,23.2,30221.0,2019,1,18,4
2111,番石榴-珍珠芭,P1,32.8,9.8,台中市,400,24.5,22.5,35623.0,2019,1,19,5
2112,番石榴-珍珠芭,P1,32.3,15.2,台中市,400,25.2,24.6,33407.0,2019,1,20,6
2113,番石榴-珍珠芭,P1,34.6,10.7,台中市,400,25.3,24.8,37103.0,2019,1,22,1
2114,番石榴-珍珠芭,P1,33.2,10.6,台中市,400,24.0,24.3,25910.0,2019,1,23,2
2115,番石榴-珍珠芭,P1,34.0,12.4,台中市,400,25.0,24.7,27124.0,2019,1,24,3
2116,番石榴-珍珠芭,P1,32.7,12.4,台中市,400,24.4,23.9,30693.0,2019,1,25,4
2117,番石榴-珍珠芭,P1,34.2,11.8,台中市,400,25.8,23.5,28185.0,2019,1,26,5
2118,番石榴-珍珠芭,P1,33.8,13.6,台中市,400,25.3,24.2,23068.0,2019,1,27,6
2119,番石榴-珍珠芭,P1,35.6,16.8,台中市,400,27.1,26.3,35589.0,2019,1,29,1
2120,番石榴-珍珠芭,P1,34.3,12.8,台中市,400,25.1,24.0,24670.0,2019,1,30,2
2121,番石榴-珍珠芭,P1,35.7,12.8,台中市,400,28.1,24.9,26247.0,2019,1,31,3
2122,番石榴-珍珠芭,P1,34.2,12.0,台中市,400,26.5,24.8,17624.0,2019,2,1,4
2123,番石榴-珍珠芭,P1,32.4,15.2,台中市,400,25.6,24.4,40392.0,2019,2,2,5
2124,番石榴-珍珠芭,P1,34.7,15.0,台中市,400,27.1,26.0,31801.0,2019,2,3,6
2125,番石榴-珍珠芭,P1,35.5,14.5,台中市,400,27.7,23.8,10213.0,2019,2,4,0
